date,open,high,low,close,volume,prev_closing_price
2008-03-06,100000.0,0.0,0.0,100000.0,0,100000.0
2008-03-09,100000.0,0.0,0.0,100000.0,0,100000.0
2008-03-09,100000.0,0.0,0.0,100000.0,0,100000.0
2008-03-10,100000.0,0.0,0.0,100000.0,0,100000.0
2008-03-11,100000.0,0.0,0.0,100000.0,0,100000.0
2008-03-12,100000.0,0.0,0.0,100000.0,0,100000.0
2008-03-13,100000.0,0.0,0.0,100000.0,0,100000.0
2008-03-16,100000.0,0.0,0.0,100000.0,0,100000.0
2008-03-17,100000.0,0.0,0.0,100000.0,0,100000.0
2008-03-18,100000.0,0.0,0.0,100000.0,0,100000.0
2008-03-19,100000.0,0.0,0.0,100000.0,0,100000.0
2008-03-20,100000.0,0.0,0.0,100000.0,0,100000.0
2008-03-23,100000.0,0.0,0.0,100000.0,0,100000.0
2008-03-24,100000.0,0.0,0.0,100000.0,0,100000.0
2008-03-25,100000.0,0.0,0.0,0.0,0,100000.0
2008-03-30,100000.0,0.0,0.0,100000.0,0,100000.0
2008-03-31,100000.0,0.0,0.0,100000.0,0,100000.0
2008-04-01,100000.0,0.0,0.0,100000.0,0,100000.0
2008-04-02,100000.0,0.0,0.0,100000.0,0,100000.0
2008-04-03,100000.0,0.0,0.0,100000.0,0,100000.0
2008-04-06,100000.0,0.0,0.0,100000.0,0,100000.0
2008-04-07,100000.0,0.0,0.0,100000.0,0,100000.0
2008-04-08,100000.0,0.0,0.0,100000.0,0,100000.0
2008-04-09,100000.0,0.0,0.0,100000.0,0,100000.0
2008-04-10,100000.0,0.0,0.0,100000.0,0,100000.0
2008-04-13,100000.0,0.0,0.0,100000.0,0,100000.0
2008-04-15,100000.0,0.0,0.0,100000.0,0,100000.0
2008-04-16,100000.0,0.0,0.0,100000.0,0,100000.0
2008-04-17,100000.0,0.0,0.0,100000.0,0,100000.0
2008-04-20,100000.0,0.0,0.0,100000.0,0,100000.0
2008-04-21,100000.0,0.0,0.0,100000.0,0,100000.0
2008-04-22,100000.0,0.0,0.0,100000.0,0,100000.0
2008-04-23,100000.0,0.0,0.0,100000.0,0,100000.0
2008-04-24,100000.0,0.0,0.0,100000.0,0,100000.0
2008-04-27,100000.0,0.0,0.0,100000.0,0,100000.0
2008-04-28,100000.0,0.0,0.0,100000.0,0,100000.0
2008-04-29,100000.0,0.0,0.0,100000.0,0,100000.0
2008-04-30,100000.0,0.0,0.0,100000.0,0,100000.0
2008-05-04,100000.0,0.0,0.0,100000.0,0,100000.0
2008-05-05,100000.0,0.0,0.0,100000.0,0,100000.0
2008-05-06,100000.0,0.0,0.0,100000.0,0,100000.0
2008-05-07,100000.0,0.0,0.0,100000.0,0,100000.0
2008-05-08,100000.0,0.0,0.0,100000.0,0,100000.0
2008-05-11,100000.0,0.0,0.0,100000.0,0,100000.0
2008-05-12,100000.0,0.0,0.0,100000.0,0,100000.0
2008-05-13,100000.0,0.0,0.0,100000.0,0,100000.0
2008-05-14,100000.0,0.0,0.0,100000.0,0,100000.0
2008-05-15,100000.0,0.0,0.0,100000.0,0,100000.0
2008-05-18,100000.0,0.0,0.0,100000.0,0,100000.0
2008-05-20,100000.0,0.0,0.0,100000.0,0,100000.0
2008-05-21,100000.0,0.0,0.0,100000.0,0,100000.0
2008-05-22,100000.0,0.0,0.0,100000.0,0,100000.0
2008-05-25,100000.0,0.0,0.0,100000.0,0,100000.0
2008-05-26,100000.0,0.0,0.0,100000.0,0,100000.0
2008-05-27,100000.0,0.0,0.0,100000.0,0,100000.0
2008-05-28,100000.0,0.0,0.0,100000.0,0,100000.0
2008-05-29,100000.0,0.0,0.0,100000.0,0,100000.0
2008-06-01,100000.0,0.0,0.0,100000.0,0,100000.0
2008-06-02,100000.0,0.0,0.0,100000.0,0,100000.0
2008-06-03,100000.0,0.0,0.0,100000.0,0,100000.0
2008-06-04,100000.0,0.0,0.0,100000.0,0,100000.0
2008-06-05,100000.0,0.0,0.0,100000.0,0,100000.0
2008-06-08,100000.0,0.0,0.0,100000.0,0,100000.0
2008-06-09,100000.0,0.0,0.0,100000.0,0,100000.0
2008-06-10,100000.0,0.0,0.0,100000.0,0,100000.0
2008-06-11,100000.0,0.0,0.0,100000.0,0,100000.0
2008-06-12,100000.0,0.0,0.0,100000.0,0,100000.0
2008-06-15,100000.0,0.0,0.0,0.0,0,100000.0
2008-06-16,100000.0,0.0,0.0,0.0,0,100000.0
2008-06-17,100000.0,0.0,0.0,100000.0,0,100000.0
2008-06-18,100000.0,0.0,0.0,0.0,0,100000.0
2008-06-19,100000.0,0.0,0.0,100000.0,0,100000.0
2008-06-22,100000.0,0.0,0.0,0.0,0,100000.0
2008-06-23,100000.0,0.0,0.0,0.0,0,100000.0
2008-06-24,100000.0,0.0,0.0,100000.0,0,100000.0
2008-06-25,100000.0,0.0,0.0,100000.0,0,100000.0
2008-06-26,100000.0,0.0,0.0,100000.0,0,100000.0
2008-06-29,100000.0,0.0,0.0,100000.0,0,100000.0
2008-06-30,100000.0,0.0,0.0,100000.0,0,100000.0
2008-07-02,100000.0,0.0,0.0,100000.0,0,100000.0
2008-07-03,100000.0,0.0,0.0,100000.0,0,100000.0
2008-07-06,100000.0,0.0,0.0,100000.0,0,100000.0
2008-07-07,100000.0,0.0,0.0,100000.0,0,100000.0
2008-07-08,100000.0,0.0,0.0,100000.0,0,100000.0
2008-07-08,100000.0,0.0,0.0,100000.0,0,100000.0
2008-07-09,100000.0,0.0,0.0,100000.0,0,100000.0
2008-07-10,100000.0,0.0,0.0,100000.0,0,100000.0
2008-07-13,100000.0,0.0,0.0,100000.0,0,100000.0
2008-07-14,100000.0,0.0,0.0,100000.0,0,100000.0
2008-07-15,100000.0,0.0,0.0,100000.0,0,100000.0
2008-07-16,100000.0,0.0,0.0,100000.0,0,100000.0
2008-07-17,100000.0,0.0,0.0,100000.0,0,100000.0
2008-07-20,100000.0,0.0,0.0,100000.0,0,100000.0
2008-07-21,100000.0,0.0,0.0,100000.0,0,100000.0
2008-07-22,100000.0,0.0,0.0,100000.0,0,100000.0
2008-07-23,100000.0,0.0,0.0,100000.0,0,100000.0
2008-07-24,100000.0,0.0,0.0,100000.0,0,100000.0
2008-07-27,100000.0,0.0,0.0,100000.0,0,100000.0
2008-07-28,100000.0,0.0,0.0,100000.0,0,100000.0
2008-07-29,100000.0,0.0,0.0,100000.0,0,100000.0
2008-07-30,100000.0,0.0,0.0,100000.0,0,100000.0
2008-07-31,100000.0,0.0,0.0,100000.0,0,100000.0
2008-08-03,100000.0,0.0,0.0,100000.0,0,100000.0
2008-08-04,100000.0,0.0,0.0,100000.0,0,100000.0
2008-08-05,100000.0,0.0,0.0,100000.0,0,100000.0
2008-08-06,100000.0,0.0,0.0,100000.0,0,100000.0
2008-08-07,100000.0,0.0,0.0,100000.0,0,100000.0
2008-08-10,100000.0,0.0,0.0,100000.0,0,100000.0
2008-08-11,100000.0,0.0,0.0,100000.0,0,100000.0
2008-08-12,100000.0,0.0,0.0,100000.0,0,100000.0
2008-08-13,100000.0,0.0,0.0,100000.0,0,100000.0
2008-08-14,100000.0,0.0,0.0,100000.0,0,100000.0
2008-08-18,100000.0,0.0,0.0,100000.0,0,100000.0
2008-08-19,100000.0,0.0,0.0,100000.0,0,100000.0
2008-08-20,100000.0,0.0,0.0,100000.0,0,100000.0
2008-08-21,100000.0,0.0,0.0,100000.0,0,100000.0
2008-08-25,100000.0,0.0,0.0,100000.0,0,100000.0
2008-08-26,100000.0,0.0,0.0,100000.0,0,100000.0
2008-08-27,100000.0,0.0,0.0,100000.0,0,100000.0
2008-08-28,100000.0,0.0,0.0,100000.0,0,100000.0
2008-08-31,100000.0,0.0,0.0,100000.0,0,100000.0
2008-09-01,100000.0,0.0,0.0,100000.0,0,100000.0
2008-09-02,100000.0,0.0,0.0,100000.0,0,100000.0
2008-09-03,100000.0,0.0,0.0,100000.0,0,100000.0
2008-09-04,100000.0,0.0,0.0,100000.0,0,100000.0
2008-09-07,100000.0,0.0,0.0,100000.0,0,100000.0
2008-09-08,100000.0,0.0,0.0,100000.0,0,100000.0
2008-09-09,100000.0,0.0,0.0,100000.0,0,100000.0
2008-09-10,100000.0,0.0,0.0,100000.0,0,100000.0
2008-09-11,100000.0,0.0,0.0,100000.0,0,100000.0
2008-09-14,100000.0,0.0,0.0,100000.0,0,100000.0
2008-09-15,100000.0,0.0,0.0,100000.0,0,100000.0
2008-09-16,100000.0,0.0,0.0,100000.0,0,100000.0
2008-09-17,100000.0,0.0,0.0,100000.0,0,100000.0
2008-09-18,100000.0,0.0,0.0,100000.0,0,100000.0
2008-09-21,100000.0,0.0,0.0,100000.0,0,100000.0
2008-09-22,100000.0,0.0,0.0,100000.0,0,100000.0
2008-09-23,100000.0,0.0,0.0,100000.0,0,100000.0
2008-09-24,100000.0,0.0,0.0,100000.0,0,100000.0
2008-09-25,100000.0,0.0,0.0,100000.0,0,100000.0
2008-10-05,100000.0,0.0,0.0,100000.0,0,100000.0
2008-10-06,100000.0,0.0,0.0,100000.0,0,100000.0
2008-10-07,100000.0,0.0,0.0,100000.0,0,100000.0
2008-10-08,100000.0,0.0,0.0,100000.0,0,100000.0
2008-10-12,100000.0,0.0,0.0,100000.0,0,100000.0
2008-10-13,100000.0,0.0,0.0,100000.0,0,100000.0
2008-10-14,100000.0,0.0,0.0,100000.0,0,100000.0
2008-10-15,100000.0,0.0,0.0,100000.0,0,100000.0
2008-10-16,100000.0,0.0,0.0,100000.0,0,100000.0
2008-10-19,100000.0,0.0,0.0,100000.0,0,100000.0
2008-10-20,100000.0,0.0,0.0,100000.0,0,100000.0
2008-10-21,100000.0,0.0,0.0,100000.0,0,100000.0
2008-10-22,100000.0,0.0,0.0,100000.0,0,100000.0
2008-10-23,100000.0,0.0,0.0,100000.0,0,100000.0
2008-10-26,100000.0,0.0,0.0,100000.0,0,100000.0
2008-10-27,100000.0,0.0,0.0,100000.0,0,100000.0
2008-10-28,100000.0,0.0,0.0,100000.0,0,100000.0
2008-10-29,100000.0,0.0,0.0,100000.0,0,100000.0
2008-10-30,100000.0,0.0,0.0,100000.0,0,100000.0
2008-11-02,100000.0,0.0,0.0,100000.0,0,100000.0
2008-11-03,100000.0,0.0,0.0,100000.0,0,100000.0
2008-11-04,100000.0,0.0,0.0,100000.0,0,100000.0
2008-11-05,100000.0,0.0,0.0,100000.0,0,100000.0
2008-11-06,100000.0,0.0,0.0,100000.0,0,100000.0
2008-11-09,100000.0,0.0,0.0,100000.0,0,100000.0
2008-11-10,100000.0,0.0,0.0,100000.0,0,100000.0
2008-11-11,100000.0,0.0,0.0,100000.0,0,100000.0
2008-11-12,100000.0,0.0,0.0,100000.0,0,100000.0
2008-11-13,100000.0,0.0,0.0,100000.0,0,100000.0
2008-11-16,100000.0,0.0,0.0,100000.0,0,100000.0
2008-11-17,100000.0,0.0,0.0,100000.0,0,100000.0
2008-11-18,100000.0,0.0,0.0,100000.0,0,100000.0
2008-11-19,100000.0,0.0,0.0,100000.0,0,100000.0
2008-11-20,100000.0,0.0,0.0,100000.0,0,100000.0
2008-11-23,100000.0,0.0,0.0,100000.0,0,100000.0
2008-11-24,100000.0,0.0,0.0,100000.0,0,100000.0
2008-11-25,100000.0,0.0,0.0,100000.0,0,100000.0
2008-11-26,100000.0,0.0,0.0,100000.0,0,100000.0
2008-11-27,100000.0,0.0,0.0,100000.0,0,100000.0
2008-11-30,100000.0,0.0,0.0,100000.0,0,100000.0
2008-12-01,100000.0,0.0,0.0,100000.0,0,100000.0
2008-12-02,100000.0,0.0,0.0,100000.0,0,100000.0
2008-12-03,100000.0,0.0,0.0,100000.0,0,100000.0
2008-12-04,100000.0,0.0,0.0,100000.0,0,100000.0
2008-12-14,100000.0,0.0,0.0,100000.0,0,100000.0
2008-12-15,100000.0,0.0,0.0,100000.0,0,100000.0
2008-12-17,100000.0,0.0,0.0,100000.0,0,100000.0
2008-12-18,100000.0,0.0,0.0,100000.0,0,100000.0
2008-12-21,100000.0,0.0,0.0,100000.0,0,100000.0
2008-12-22,100000.0,0.0,0.0,100000.0,0,100000.0
2008-12-23,100000.0,0.0,0.0,100000.0,0,100000.0
2008-12-24,100000.0,0.0,0.0,100000.0,0,100000.0
2008-12-28,100000.0,0.0,0.0,100000.0,0,100000.0
2008-12-30,100000.0,0.0,0.0,100000.0,0,100000.0
2009-01-01,100000.0,0.0,0.0,100000.0,0,100000.0
2009-01-04,100000.0,0.0,0.0,100000.0,0,100000.0
2009-01-05,100000.0,0.0,0.0,100000.0,0,100000.0
2009-01-06,100000.0,0.0,0.0,100000.0,0,100000.0
2009-01-07,100000.0,0.0,0.0,100000.0,0,100000.0
2009-01-11,100000.0,0.0,0.0,100000.0,0,100000.0
2009-01-12,100000.0,0.0,0.0,100000.0,0,100000.0
2009-01-13,100000.0,0.0,0.0,100000.0,0,100000.0
2009-01-14,100000.0,0.0,0.0,100000.0,0,100000.0
2009-01-15,100000.0,0.0,0.0,100000.0,0,100000.0
2009-01-18,100000.0,0.0,0.0,100000.0,0,100000.0
2009-01-19,100000.0,0.0,0.0,100000.0,0,100000.0
2009-01-20,100000.0,0.0,0.0,100000.0,0,100000.0
2009-01-21,100000.0,0.0,0.0,100000.0,0,100000.0
2009-01-22,100000.0,0.0,0.0,100000.0,0,100000.0
2009-01-25,100000.0,0.0,0.0,100000.0,0,100000.0
2009-01-26,100000.0,0.0,0.0,100000.0,0,100000.0
2009-01-27,100000.0,0.0,0.0,100000.0,0,100000.0
2009-01-28,100000.0,0.0,0.0,100000.0,0,100000.0
2009-01-29,100000.0,0.0,0.0,100000.0,0,100000.0
2009-02-01,100000.0,0.0,0.0,100000.0,0,100000.0
2009-02-02,100000.0,0.0,0.0,100000.0,0,100000.0
2009-02-03,100000.0,0.0,0.0,100000.0,0,100000.0
2009-02-04,100000.0,0.0,0.0,100000.0,0,100000.0
2009-02-05,100000.0,0.0,0.0,100000.0,0,100000.0
2009-02-08,100000.0,0.0,0.0,100000.0,0,100000.0
2009-02-09,100000.0,0.0,0.0,100000.0,0,100000.0
2009-02-10,100000.0,0.0,0.0,100000.0,0,100000.0
2009-02-11,100000.0,0.0,0.0,100000.0,0,100000.0
2009-02-12,100000.0,0.0,0.0,100000.0,0,100000.0
2009-02-15,100000.0,0.0,0.0,100000.0,0,100000.0
2009-02-16,100000.0,0.0,0.0,100000.0,0,100000.0
2009-02-17,100000.0,0.0,0.0,100000.0,0,100000.0
2009-02-18,100000.0,0.0,0.0,100000.0,0,100000.0
2009-02-19,100000.0,0.0,0.0,100000.0,0,100000.0
2009-02-22,100000.0,0.0,0.0,100000.0,0,100000.0
2009-02-23,100000.0,0.0,0.0,100000.0,0,100000.0
2009-02-24,100000.0,0.0,0.0,100000.0,0,100000.0
2009-02-25,100000.0,0.0,0.0,100000.0,0,100000.0
2009-02-26,100000.0,0.0,0.0,100000.0,0,100000.0
2009-03-01,100000.0,0.0,0.0,100000.0,0,100000.0
2009-03-02,100000.0,0.0,0.0,100000.0,0,100000.0
2009-03-03,100000.0,0.0,0.0,100000.0,0,100000.0
2009-03-04,100000.0,0.0,0.0,100000.0,0,100000.0
2009-03-05,100000.0,0.0,0.0,100000.0,0,100000.0
2009-03-08,100000.0,0.0,0.0,100000.0,0,100000.0
2009-03-09,100000.0,0.0,0.0,100000.0,0,100000.0
2009-03-11,100000.0,0.0,0.0,100000.0,0,100000.0
2009-03-12,100000.0,0.0,0.0,100000.0,0,100000.0
2009-03-15,100000.0,0.0,0.0,100000.0,0,100000.0
2009-03-16,100000.0,0.0,0.0,100000.0,0,100000.0
2009-03-17,100000.0,0.0,0.0,100000.0,0,100000.0
2009-03-18,100000.0,0.0,0.0,100000.0,0,100000.0
2009-03-19,100000.0,0.0,0.0,100000.0,0,100000.0
2009-03-22,100000.0,0.0,0.0,100000.0,0,100000.0
2009-03-23,100000.0,0.0,0.0,100000.0,0,100000.0
2009-03-24,100000.0,0.0,0.0,100000.0,0,100000.0
2009-03-25,100000.0,0.0,0.0,100000.0,0,100000.0
2009-03-29,100000.0,0.0,0.0,100000.0,0,100000.0
2009-03-30,100000.0,0.0,0.0,100000.0,0,100000.0
2009-03-31,100000.0,0.0,0.0,100000.0,0,100000.0
2009-04-01,100000.0,0.0,0.0,100000.0,0,100000.0
2009-04-02,100000.0,0.0,0.0,100000.0,0,100000.0
2009-04-05,100000.0,0.0,0.0,100000.0,0,100000.0
2009-04-06,100000.0,0.0,0.0,100000.0,0,100000.0
2009-04-07,100000.0,0.0,0.0,100000.0,0,100000.0
2009-04-08,100000.0,0.0,0.0,100000.0,0,100000.0
2009-04-09,100000.0,0.0,0.0,100000.0,0,100000.0
2009-04-12,100000.0,0.0,0.0,100000.0,0,100000.0
2009-04-13,100000.0,0.0,0.0,100000.0,0,100000.0
2009-04-15,100000.0,0.0,0.0,100000.0,0,100000.0
2009-04-16,100000.0,0.0,0.0,100000.0,0,100000.0
2009-04-19,100000.0,0.0,0.0,100000.0,0,100000.0
2009-04-20,100000.0,0.0,0.0,100000.0,0,100000.0
2009-04-21,100000.0,0.0,0.0,100000.0,0,100000.0
2009-04-22,100000.0,0.0,0.0,100000.0,0,100000.0
2009-04-23,100000.0,0.0,0.0,100000.0,0,100000.0
2009-04-26,100000.0,0.0,0.0,100000.0,0,100000.0
2009-04-27,100000.0,0.0,0.0,100000.0,0,100000.0
2009-04-28,100000.0,0.0,0.0,100000.0,0,100000.0
2009-04-29,100000.0,0.0,0.0,100000.0,0,100000.0
2009-04-30,100000.0,0.0,0.0,100000.0,0,100000.0
2009-05-03,100000.0,0.0,0.0,100000.0,0,100000.0
2009-05-04,100000.0,0.0,0.0,100000.0,0,100000.0
2009-05-05,100000.0,0.0,0.0,100000.0,0,100000.0
2009-05-06,100000.0,0.0,0.0,100000.0,0,100000.0
2009-05-07,100000.0,0.0,0.0,100000.0,0,100000.0
2009-05-10,100000.0,0.0,0.0,100000.0,0,100000.0
2009-05-11,100000.0,0.0,0.0,100000.0,0,100000.0
2009-05-12,100000.0,0.0,0.0,100000.0,0,100000.0
2009-05-13,100000.0,0.0,0.0,100000.0,0,100000.0
2009-05-14,100000.0,0.0,0.0,100000.0,0,100000.0
2009-05-17,100000.0,0.0,0.0,100000.0,0,100000.0
2009-05-18,100000.0,0.0,0.0,100000.0,0,100000.0
2009-05-19,100000.0,0.0,0.0,100000.0,0,100000.0
2009-05-20,100000.0,0.0,0.0,100000.0,0,100000.0
2009-05-21,100000.0,0.0,0.0,100000.0,0,100000.0
2009-05-24,100000.0,0.0,0.0,100000.0,0,100000.0
2009-05-25,100000.0,0.0,0.0,100000.0,0,100000.0
2009-05-26,100000.0,0.0,0.0,100000.0,0,100000.0
2009-05-27,100000.0,0.0,0.0,100000.0,0,100000.0
2009-05-28,100000.0,0.0,0.0,100000.0,0,100000.0
2009-05-31,100000.0,0.0,0.0,100000.0,0,100000.0
2009-06-01,100000.0,0.0,0.0,100000.0,0,100000.0
2009-06-02,100000.0,0.0,0.0,100000.0,0,100000.0
2009-06-03,100000.0,0.0,0.0,100000.0,0,100000.0
2009-06-04,100000.0,0.0,0.0,100000.0,0,100000.0
2009-06-07,100000.0,0.0,0.0,100000.0,0,100000.0
2009-06-08,100000.0,0.0,0.0,100000.0,0,100000.0
2009-06-09,100000.0,0.0,0.0,100000.0,0,100000.0
2009-06-10,100000.0,0.0,0.0,100000.0,0,100000.0
2009-06-11,100000.0,0.0,0.0,100000.0,0,100000.0
2009-06-14,100000.0,0.0,0.0,100000.0,0,100000.0
2009-06-15,100000.0,0.0,0.0,100000.0,0,100000.0
2009-06-16,100000.0,0.0,0.0,100000.0,0,100000.0
2009-06-17,100000.0,0.0,0.0,100000.0,0,100000.0
2009-06-18,100000.0,0.0,0.0,100000.0,0,100000.0
2009-06-21,100000.0,0.0,0.0,100000.0,0,100000.0
2009-06-22,100000.0,0.0,0.0,100000.0,0,100000.0
2009-06-23,100000.0,0.0,0.0,100000.0,0,100000.0
2009-06-24,100000.0,0.0,0.0,100000.0,0,100000.0
2009-06-25,100000.0,0.0,0.0,100000.0,0,100000.0
2009-06-28,100000.0,0.0,0.0,100000.0,0,100000.0
2009-06-29,100000.0,0.0,0.0,100000.0,0,100000.0
2009-06-30,100000.0,0.0,0.0,100000.0,0,100000.0
2009-07-02,100000.0,0.0,0.0,100000.0,0,100000.0
2009-07-05,100000.0,0.0,0.0,100000.0,0,100000.0
2009-07-06,100000.0,0.0,0.0,100000.0,0,100000.0
2009-07-07,100000.0,0.0,0.0,100000.0,0,100000.0
2009-07-08,100000.0,0.0,0.0,100000.0,0,100000.0
2009-07-09,100000.0,0.0,0.0,100000.0,0,100000.0
2009-07-12,100000.0,0.0,0.0,100000.0,0,100000.0
2009-07-13,100000.0,0.0,0.0,100000.0,0,100000.0
2009-07-14,100000.0,0.0,0.0,100000.0,0,100000.0
2009-07-15,100000.0,0.0,0.0,100000.0,0,100000.0
2009-07-16,100000.0,0.0,0.0,100000.0,0,100000.0
2009-07-19,100000.0,0.0,0.0,100000.0,0,100000.0
2009-07-20,100000.0,0.0,0.0,100000.0,0,100000.0
2009-07-21,100000.0,0.0,0.0,100000.0,0,100000.0
2009-07-22,100000.0,0.0,0.0,100000.0,0,100000.0
2009-07-23,100000.0,0.0,0.0,100000.0,0,100000.0
2009-07-26,100000.0,0.0,0.0,100000.0,0,100000.0
2009-07-27,100000.0,0.0,0.0,100000.0,0,100000.0
2009-07-28,100000.0,0.0,0.0,100000.0,0,100000.0
2009-07-29,100000.0,0.0,0.0,100000.0,0,100000.0
2009-07-30,100000.0,0.0,0.0,100000.0,0,100000.0
2009-08-02,100000.0,0.0,0.0,100000.0,0,100000.0
2009-08-03,100000.0,0.0,0.0,100000.0,0,100000.0
2009-08-04,100000.0,0.0,0.0,100000.0,0,100000.0
2009-08-05,100000.0,0.0,0.0,100000.0,0,100000.0
2009-08-06,100000.0,0.0,0.0,100000.0,0,100000.0
2009-08-09,100000.0,0.0,0.0,100000.0,0,100000.0
2009-08-10,100000.0,0.0,0.0,100000.0,0,100000.0
2009-08-11,100000.0,0.0,0.0,100000.0,0,100000.0
2009-08-12,100000.0,0.0,0.0,100000.0,0,100000.0
2009-08-16,100000.0,0.0,0.0,100000.0,0,100000.0
2009-08-17,100000.0,0.0,0.0,100000.0,0,100000.0
2009-08-18,100000.0,0.0,0.0,100000.0,0,100000.0
2009-08-19,100000.0,0.0,0.0,100000.0,0,100000.0
2009-08-20,100000.0,0.0,0.0,100000.0,0,100000.0
2009-08-23,100000.0,0.0,0.0,100000.0,0,100000.0
2009-08-24,100000.0,0.0,0.0,100000.0,0,100000.0
2009-08-25,100000.0,0.0,0.0,100000.0,0,100000.0
2009-08-26,100000.0,0.0,0.0,100000.0,0,100000.0
2009-08-27,100000.0,0.0,0.0,100000.0,0,100000.0
2009-08-30,100000.0,0.0,0.0,100000.0,0,100000.0
2009-08-31,100000.0,0.0,0.0,100000.0,0,100000.0
2009-09-01,100000.0,0.0,0.0,100000.0,0,100000.0
2009-09-02,100000.0,0.0,0.0,100000.0,0,100000.0
2009-09-03,100000.0,0.0,0.0,100000.0,0,100000.0
2009-09-06,100000.0,0.0,0.0,100000.0,0,100000.0
2009-09-07,100000.0,0.0,0.0,100000.0,0,100000.0
2009-09-08,100000.0,0.0,0.0,100000.0,0,100000.0
2009-09-09,100000.0,0.0,0.0,100000.0,0,100000.0
2009-09-10,100000.0,0.0,0.0,100000.0,0,100000.0
2009-09-13,100000.0,0.0,0.0,100000.0,0,100000.0
2009-09-14,100000.0,0.0,0.0,100000.0,0,100000.0
2009-09-15,100000.0,0.0,0.0,100000.0,0,100000.0
2009-09-16,100000.0,0.0,0.0,100000.0,0,100000.0
2009-09-17,100000.0,0.0,0.0,100000.0,0,100000.0
2009-09-27,100000.0,0.0,0.0,100000.0,0,100000.0
2009-09-29,100000.0,0.0,0.0,100000.0,0,100000.0
2009-09-30,100000.0,0.0,0.0,100000.0,0,100000.0
2009-10-01,100000.0,0.0,0.0,100000.0,0,100000.0
2009-10-04,100000.0,0.0,0.0,100000.0,0,100000.0
2009-10-05,100000.0,0.0,0.0,100000.0,0,100000.0
2009-10-06,100000.0,0.0,0.0,100000.0,0,100000.0
2009-10-07,100000.0,0.0,0.0,100000.0,0,100000.0
2009-10-08,100000.0,0.0,0.0,100000.0,0,100000.0
2009-10-11,100000.0,0.0,0.0,100000.0,0,100000.0
2009-10-12,100000.0,0.0,0.0,100000.0,0,100000.0
2009-10-13,100000.0,0.0,0.0,100000.0,0,100000.0
2009-10-14,100000.0,0.0,0.0,100000.0,0,100000.0
2009-10-18,100000.0,0.0,0.0,100000.0,0,100000.0
2009-10-18,100000.0,0.0,0.0,100000.0,0,100000.0
2009-10-19,100000.0,0.0,0.0,100000.0,0,100000.0
2009-10-20,100000.0,0.0,0.0,100000.0,0,100000.0
2009-10-21,100000.0,0.0,0.0,100000.0,0,100000.0
2009-10-22,100000.0,0.0,0.0,100000.0,0,100000.0
2009-10-25,100000.0,0.0,0.0,100000.0,0,100000.0
2009-10-26,100000.0,0.0,0.0,100000.0,0,100000.0
2009-10-27,100000.0,0.0,0.0,100000.0,0,100000.0
2009-10-28,100000.0,0.0,0.0,100000.0,0,100000.0
2009-10-29,100000.0,0.0,0.0,100000.0,0,100000.0
2009-11-01,100000.0,0.0,0.0,100000.0,0,100000.0
2009-11-02,100000.0,0.0,0.0,100000.0,0,100000.0
2009-11-03,100000.0,0.0,0.0,100000.0,0,100000.0
2009-11-04,100000.0,0.0,0.0,100000.0,0,100000.0
2009-11-05,100000.0,0.0,0.0,100000.0,0,100000.0
2009-11-08,100000.0,0.0,0.0,100000.0,0,100000.0
2009-11-09,100000.0,0.0,0.0,100000.0,0,100000.0
2009-11-10,100000.0,0.0,0.0,100000.0,0,100000.0
2009-11-11,100000.0,0.0,0.0,100000.0,0,100000.0
2009-11-12,100000.0,0.0,0.0,100000.0,0,100000.0
2009-11-15,100000.0,0.0,0.0,100000.0,0,100000.0
2009-11-16,100000.0,0.0,0.0,100000.0,0,100000.0
2009-11-17,100000.0,0.0,0.0,100000.0,0,100000.0
2009-11-18,100000.0,0.0,0.0,100000.0,0,100000.0
2009-11-19,100000.0,0.0,0.0,100000.0,0,100000.0
2009-11-22,100000.0,0.0,0.0,100000.0,0,100000.0
2009-11-23,100000.0,0.0,0.0,100000.0,0,100000.0
2009-11-24,100000.0,0.0,0.0,100000.0,0,100000.0
2009-11-25,100000.0,0.0,0.0,100000.0,0,100000.0
2009-11-26,100000.0,0.0,0.0,100000.0,0,100000.0
2009-12-01,100000.0,0.0,0.0,100000.0,0,100000.0
2009-12-02,100000.0,0.0,0.0,100000.0,0,100000.0
2009-12-03,100000.0,0.0,0.0,100000.0,0,100000.0
2009-12-06,100000.0,0.0,0.0,100000.0,0,100000.0
2009-12-07,100000.0,0.0,0.0,100000.0,0,100000.0
2009-12-08,100000.0,0.0,0.0,100000.0,0,100000.0
2009-12-09,100000.0,0.0,0.0,100000.0,0,100000.0
2009-12-10,100000.0,0.0,0.0,100000.0,0,100000.0
2009-12-13,100000.0,0.0,0.0,100000.0,0,100000.0
2009-12-14,100000.0,0.0,0.0,100000.0,0,100000.0
2009-12-15,100000.0,0.0,0.0,100000.0,0,100000.0
2009-12-17,100000.0,0.0,0.0,100000.0,0,100000.0
2009-12-20,100000.0,0.0,0.0,100000.0,0,100000.0
2009-12-21,100000.0,0.0,0.0,100000.0,0,100000.0
2009-12-22,100000.0,0.0,0.0,100000.0,0,100000.0
2009-12-23,100000.0,0.0,0.0,100000.0,0,100000.0
2009-12-24,100000.0,0.0,0.0,100000.0,0,100000.0
2009-12-27,100000.0,0.0,0.0,100000.0,0,100000.0
2009-12-29,100000.0,0.0,0.0,100000.0,0,100000.0
2009-12-30,100000.0,0.0,0.0,100000.0,0,100000.0
2010-01-03,100000.0,0.0,0.0,100000.0,0,100000.0
2010-01-04,100000.0,0.0,0.0,100000.0,0,100000.0
2010-01-05,100000.0,0.0,0.0,100000.0,0,100000.0
2010-01-06,100000.0,0.0,0.0,100000.0,0,100000.0
2010-01-07,100000.0,0.0,0.0,100000.0,0,100000.0
2010-01-10,100000.0,0.0,0.0,100000.0,0,100000.0
2010-01-11,100000.0,0.0,0.0,100000.0,0,100000.0
2010-01-12,100000.0,0.0,0.0,100000.0,0,100000.0
2010-01-13,100000.0,0.0,0.0,100000.0,0,100000.0
2010-01-14,100000.0,0.0,0.0,100000.0,0,100000.0
2010-01-17,100000.0,0.0,0.0,100000.0,0,100000.0
2010-01-18,100000.0,0.0,0.0,100000.0,0,100000.0
2010-01-19,100000.0,0.0,0.0,100000.0,0,100000.0
2010-01-20,100000.0,0.0,0.0,100000.0,0,100000.0
2010-01-21,100000.0,0.0,0.0,100000.0,0,100000.0
2010-01-24,100000.0,0.0,0.0,100000.0,0,100000.0
2010-01-25,100000.0,0.0,0.0,100000.0,0,100000.0
2010-01-26,100000.0,0.0,0.0,100000.0,0,100000.0
2010-01-27,100000.0,0.0,0.0,100000.0,0,100000.0
2010-01-28,100000.0,0.0,0.0,100000.0,0,100000.0
2010-01-31,100000.0,0.0,0.0,100000.0,0,100000.0
2010-02-01,100000.0,0.0,0.0,100000.0,0,100000.0
2010-02-02,100000.0,0.0,0.0,100000.0,0,100000.0
2010-02-03,100000.0,0.0,0.0,100000.0,0,100000.0
2010-02-04,100000.0,0.0,0.0,100000.0,0,100000.0
2010-02-07,100000.0,0.0,0.0,100000.0,0,100000.0
2010-02-08,100000.0,0.0,0.0,100000.0,0,100000.0
2010-02-09,100000.0,0.0,0.0,100000.0,0,100000.0
2010-02-10,100000.0,0.0,0.0,100000.0,0,100000.0
2010-02-11,100000.0,0.0,0.0,100000.0,0,100000.0
2010-02-14,100000.0,0.0,0.0,100000.0,0,100000.0
2010-02-15,100000.0,0.0,0.0,100000.0,0,100000.0
2010-02-16,100000.0,0.0,0.0,100000.0,0,100000.0
2010-02-17,100000.0,0.0,0.0,100000.0,0,100000.0
2010-02-18,100000.0,0.0,0.0,100000.0,0,100000.0
2010-02-22,100000.0,0.0,0.0,100000.0,0,100000.0
2010-02-23,100000.0,0.0,0.0,100000.0,0,100000.0
2010-02-24,100000.0,0.0,0.0,100000.0,0,100000.0
2010-02-25,100000.0,0.0,0.0,100000.0,0,100000.0
2010-02-28,100000.0,0.0,0.0,100000.0,0,100000.0
2010-03-01,100000.0,0.0,0.0,100000.0,0,100000.0
2010-03-02,100000.0,0.0,0.0,100000.0,0,100000.0
2010-03-03,100000.0,0.0,0.0,100000.0,0,100000.0
2010-03-04,100000.0,0.0,0.0,100000.0,0,100000.0
2010-03-07,100000.0,0.0,0.0,100000.0,0,100000.0
2010-03-08,100000.0,0.0,0.0,100000.0,0,100000.0
2010-03-09,100000.0,0.0,0.0,100000.0,0,100000.0
2010-03-10,100000.0,0.0,0.0,100000.0,0,100000.0
2010-03-11,100000.0,0.0,0.0,100000.0,0,100000.0
2010-03-14,100000.0,0.0,0.0,100000.0,0,100000.0
2010-03-15,100000.0,0.0,0.0,100000.0,0,100000.0
2010-03-16,100000.0,0.0,0.0,100000.0,0,100000.0
2010-03-18,100000.0,0.0,0.0,100000.0,0,100000.0
2010-03-21,100000.0,0.0,0.0,100000.0,0,100000.0
2010-03-22,100000.0,0.0,0.0,100000.0,0,100000.0
2010-03-23,100000.0,0.0,0.0,100000.0,0,100000.0
2010-03-24,100000.0,0.0,0.0,100000.0,0,100000.0
2010-03-25,100000.0,0.0,0.0,100000.0,0,100000.0
2010-03-28,100000.0,0.0,0.0,100000.0,0,100000.0
2010-03-29,100000.0,0.0,0.0,100000.0,0,100000.0
2010-03-30,100000.0,0.0,0.0,100000.0,0,100000.0
2010-03-31,100000.0,0.0,0.0,100000.0,0,100000.0
2010-04-01,100000.0,0.0,0.0,100000.0,0,100000.0
2010-04-04,100000.0,0.0,0.0,100000.0,0,100000.0
2010-04-05,100000.0,0.0,0.0,100000.0,0,100000.0
2010-04-06,100000.0,0.0,0.0,100000.0,0,100000.0
2010-04-07,100000.0,0.0,0.0,100000.0,0,100000.0
2010-04-08,100000.0,0.0,0.0,100000.0,0,100000.0
2010-04-11,100000.0,0.0,0.0,100000.0,0,100000.0
2010-04-12,100000.0,0.0,0.0,100000.0,0,100000.0
2010-04-13,100000.0,0.0,0.0,100000.0,0,100000.0
2010-04-15,100000.0,0.0,0.0,100000.0,0,100000.0
2010-04-18,100000.0,0.0,0.0,100000.0,0,100000.0
2010-04-19,100000.0,0.0,0.0,100000.0,0,100000.0
2010-04-20,100000.0,0.0,0.0,100000.0,0,100000.0
2010-04-21,100000.0,0.0,0.0,100000.0,0,100000.0
2010-04-22,100000.0,0.0,0.0,100000.0,0,100000.0
2010-04-25,100000.0,0.0,0.0,100000.0,0,100000.0
2010-04-26,100000.0,0.0,0.0,100000.0,0,100000.0
2010-04-27,100000.0,0.0,0.0,100000.0,0,100000.0
2010-04-28,100000.0,0.0,0.0,100000.0,0,100000.0
2010-04-29,100000.0,0.0,0.0,100000.0,0,100000.0
2010-05-02,100000.0,0.0,0.0,100000.0,0,100000.0
2010-05-03,100000.0,0.0,0.0,100000.0,0,100000.0
2010-05-04,100000.0,0.0,0.0,100000.0,0,100000.0
2010-05-05,100000.0,0.0,0.0,100000.0,0,100000.0
2010-05-06,100000.0,0.0,0.0,100000.0,0,100000.0
2010-05-09,100000.0,0.0,0.0,100000.0,0,100000.0
2010-05-10,100000.0,0.0,0.0,100000.0,0,100000.0
2010-05-11,100000.0,0.0,0.0,100000.0,0,100000.0
2010-05-12,100000.0,0.0,0.0,100000.0,0,100000.0
2010-05-13,100000.0,0.0,0.0,100000.0,0,100000.0
2010-05-16,100000.0,0.0,0.0,100000.0,0,100000.0
2010-05-17,100000.0,0.0,0.0,100000.0,0,100000.0
2010-05-18,100000.0,0.0,0.0,100000.0,0,100000.0
2010-05-19,100000.0,0.0,0.0,100000.0,0,100000.0
2010-05-20,100000.0,0.0,0.0,100000.0,0,100000.0
2010-05-23,100000.0,0.0,0.0,100000.0,0,100000.0
2010-05-24,100000.0,0.0,0.0,100000.0,0,100000.0
2010-05-25,100000.0,0.0,0.0,100000.0,0,100000.0
2010-05-26,100000.0,0.0,0.0,100000.0,0,100000.0
2010-05-30,100000.0,0.0,0.0,100000.0,0,100000.0
2010-05-31,100000.0,0.0,0.0,100000.0,0,100000.0
2010-06-01,100000.0,0.0,0.0,100000.0,0,100000.0
2010-06-02,100000.0,0.0,0.0,100000.0,0,100000.0
2010-06-03,100000.0,0.0,0.0,100000.0,0,100000.0
2010-06-06,100000.0,0.0,0.0,100000.0,0,100000.0
2010-06-07,100000.0,0.0,0.0,100000.0,0,100000.0
2010-06-08,100000.0,0.0,0.0,100000.0,0,100000.0
2010-06-09,100000.0,0.0,0.0,100000.0,0,100000.0
2010-06-10,100000.0,0.0,0.0,100000.0,0,100000.0
2010-06-13,100000.0,0.0,0.0,100000.0,0,100000.0
2010-06-14,100000.0,0.0,0.0,100000.0,0,100000.0
2010-06-15,100000.0,0.0,0.0,100000.0,0,100000.0
2010-06-16,100000.0,0.0,0.0,100000.0,0,100000.0
2010-06-17,100000.0,0.0,0.0,100000.0,0,100000.0
2010-06-20,100000.0,0.0,0.0,100000.0,0,100000.0
2010-06-21,100000.0,0.0,0.0,100000.0,0,100000.0
2010-06-22,100000.0,0.0,0.0,100000.0,0,100000.0
2010-06-23,100000.0,0.0,0.0,100000.0,0,100000.0
2010-06-24,100000.0,0.0,0.0,100000.0,0,100000.0
2010-06-27,100000.0,0.0,0.0,100000.0,0,100000.0
2010-06-28,100000.0,0.0,0.0,100000.0,0,100000.0
2010-06-29,100000.0,0.0,0.0,100000.0,0,100000.0
2010-06-30,100000.0,0.0,0.0,100000.0,0,100000.0
2010-07-04,100000.0,0.0,0.0,100000.0,0,100000.0
2010-07-05,100000.0,0.0,0.0,100000.0,0,100000.0
2010-07-06,100000.0,0.0,0.0,100000.0,0,100000.0
2010-07-07,100000.0,0.0,0.0,100000.0,0,100000.0
2010-07-08,100000.0,0.0,0.0,100000.0,0,100000.0
2010-07-11,100000.0,0.0,0.0,100000.0,0,100000.0
2010-07-12,100000.0,0.0,0.0,100000.0,0,100000.0
2010-07-13,100000.0,0.0,0.0,100000.0,0,100000.0
2010-07-14,100000.0,0.0,0.0,100000.0,0,100000.0
2010-07-15,100000.0,0.0,0.0,100000.0,0,100000.0
2010-07-18,100000.0,0.0,0.0,100000.0,0,100000.0
2010-07-19,100000.0,0.0,0.0,100000.0,0,100000.0
2010-07-20,100000.0,0.0,0.0,100000.0,0,100000.0
2010-07-21,100000.0,0.0,0.0,100000.0,0,100000.0
2010-07-22,100000.0,0.0,0.0,100000.0,0,100000.0
2010-07-25,100000.0,0.0,0.0,100000.0,0,100000.0
2010-07-26,100000.0,0.0,0.0,100000.0,0,100000.0
2010-07-27,100000.0,0.0,0.0,100000.0,0,100000.0
2010-07-29,100000.0,0.0,0.0,100000.0,0,100000.0
2010-08-01,100000.0,0.0,0.0,100000.0,0,100000.0
2010-08-02,100000.0,0.0,0.0,100000.0,0,100000.0
2010-08-03,100000.0,0.0,0.0,100000.0,0,100000.0
2010-08-04,100000.0,0.0,0.0,100000.0,0,100000.0
2010-08-05,100000.0,0.0,0.0,100000.0,0,100000.0
2010-08-08,100000.0,0.0,0.0,100000.0,0,100000.0
2010-08-09,100000.0,0.0,0.0,100000.0,0,100000.0
2010-08-10,100000.0,0.0,0.0,100000.0,0,100000.0
2010-08-11,100000.0,0.0,0.0,100000.0,0,100000.0
2010-08-12,100000.0,0.0,0.0,100000.0,0,100000.0
2010-08-16,100000.0,0.0,0.0,100000.0,0,100000.0
2010-08-17,100000.0,0.0,0.0,100000.0,0,100000.0
2010-08-18,100000.0,0.0,0.0,100000.0,0,100000.0
2010-08-19,100000.0,0.0,0.0,100000.0,0,100000.0
2010-08-22,100000.0,0.0,0.0,100000.0,0,100000.0
2010-08-23,100000.0,0.0,0.0,100000.0,0,100000.0
2010-08-24,100000.0,0.0,0.0,100000.0,0,100000.0
2010-08-25,100000.0,0.0,0.0,100000.0,0,100000.0
2010-08-26,100000.0,0.0,0.0,100000.0,0,100000.0
2010-08-29,100000.0,0.0,0.0,100000.0,0,100000.0
2010-08-30,100000.0,0.0,0.0,100000.0,0,100000.0
2010-08-31,100000.0,0.0,0.0,100000.0,0,100000.0
2010-09-02,100000.0,0.0,0.0,100000.0,0,100000.0
2010-09-05,100000.0,0.0,0.0,100000.0,0,100000.0
2010-09-06,100000.0,0.0,0.0,100000.0,0,100000.0
2010-09-08,100000.0,0.0,0.0,100000.0,0,100000.0
2010-09-13,100000.0,0.0,0.0,100000.0,0,100000.0
2010-09-14,100000.0,0.0,0.0,100000.0,0,100000.0
2010-09-15,100000.0,0.0,0.0,100000.0,0,100000.0
2010-09-16,100000.0,0.0,0.0,100000.0,0,100000.0
2010-09-19,100000.0,0.0,0.0,100000.0,0,100000.0
2010-09-20,100000.0,0.0,0.0,100000.0,0,100000.0
2010-09-21,100000.0,0.0,0.0,100000.0,0,100000.0
2010-09-22,100000.0,0.0,0.0,100000.0,0,100000.0
2010-09-23,100000.0,0.0,0.0,100000.0,0,100000.0
2010-09-26,100000.0,0.0,0.0,100000.0,0,100000.0
2010-09-27,100000.0,0.0,0.0,100000.0,0,100000.0
2010-09-28,100000.0,0.0,0.0,100000.0,0,100000.0
2010-09-29,100000.0,0.0,0.0,100000.0,0,100000.0
2010-09-30,100000.0,0.0,0.0,100000.0,0,100000.0
2010-10-03,100000.0,0.0,0.0,100000.0,0,100000.0
2010-10-04,100000.0,0.0,0.0,100000.0,0,100000.0
2010-10-05,100000.0,0.0,0.0,100000.0,0,100000.0
2010-10-06,100000.0,0.0,0.0,100000.0,0,100000.0
2010-10-07,100000.0,0.0,0.0,100000.0,0,100000.0
2010-10-10,100000.0,0.0,0.0,100000.0,0,100000.0
2010-10-11,100000.0,0.0,0.0,100000.0,0,100000.0
2010-10-12,100000.0,0.0,0.0,100000.0,0,100000.0
2010-10-13,100000.0,0.0,0.0,100000.0,0,100000.0
2010-10-14,100000.0,0.0,0.0,100000.0,0,100000.0
2010-10-18,100000.0,0.0,0.0,100000.0,0,100000.0
2010-10-19,100000.0,0.0,0.0,100000.0,0,100000.0
2010-10-20,100000.0,0.0,0.0,100000.0,0,100000.0
2010-10-21,100000.0,0.0,0.0,100000.0,0,100000.0
2010-10-24,100000.0,0.0,0.0,100000.0,0,100000.0
2010-10-25,100000.0,0.0,0.0,100000.0,0,100000.0
2010-10-26,100000.0,0.0,0.0,100000.0,0,100000.0
2010-10-27,100000.0,0.0,0.0,100000.0,0,100000.0
2010-10-28,100000.0,0.0,0.0,100000.0,0,100000.0
2010-10-31,100000.0,0.0,0.0,100000.0,0,100000.0
2010-10-31,100000.0,0.0,0.0,100000.0,0,100000.0
2010-11-01,100000.0,0.0,0.0,100000.0,0,100000.0
2010-11-01,100000.0,0.0,0.0,100000.0,0,100000.0
2010-11-02,100000.0,0.0,0.0,100000.0,0,100000.0
2010-11-03,100000.0,0.0,0.0,100000.0,0,100000.0
2010-11-04,100000.0,0.0,0.0,100000.0,0,100000.0
2010-11-07,100000.0,0.0,0.0,100000.0,0,100000.0
2010-11-08,100000.0,0.0,0.0,100000.0,0,100000.0
2010-11-09,100000.0,0.0,0.0,100000.0,0,100000.0
2010-11-10,100000.0,0.0,0.0,100000.0,0,100000.0
2010-11-11,100000.0,0.0,0.0,100000.0,0,100000.0
2010-11-14,100000.0,0.0,0.0,100000.0,0,100000.0
2010-11-15,100000.0,0.0,0.0,100000.0,0,100000.0
2010-11-21,100000.0,0.0,0.0,100000.0,0,100000.0
2010-11-22,100000.0,0.0,0.0,100000.0,0,100000.0
2010-11-23,100000.0,0.0,0.0,100000.0,0,100000.0
2010-11-24,100000.0,0.0,0.0,100000.0,0,100000.0
2010-11-25,100000.0,0.0,0.0,100000.0,0,100000.0
2010-11-28,100000.0,0.0,0.0,100000.0,0,100000.0
2010-11-29,100000.0,0.0,0.0,100000.0,0,100000.0
2010-11-30,100000.0,0.0,0.0,100000.0,0,100000.0
2010-12-01,100000.0,0.0,0.0,100000.0,0,100000.0
2010-12-02,100000.0,0.0,0.0,100000.0,0,100000.0
2010-12-05,100000.0,0.0,0.0,100000.0,0,100000.0
2010-12-06,100000.0,0.0,0.0,100000.0,0,100000.0
2010-12-07,100000.0,0.0,0.0,100000.0,0,100000.0
2010-12-08,100000.0,0.0,0.0,100000.0,0,100000.0
2010-12-09,100000.0,0.0,0.0,100000.0,0,100000.0
2010-12-12,100000.0,0.0,0.0,100000.0,0,100000.0
2010-12-13,100000.0,0.0,0.0,100000.0,0,100000.0
2010-12-14,100000.0,0.0,0.0,100000.0,0,100000.0
2010-12-15,100000.0,0.0,0.0,100000.0,0,100000.0
2010-12-19,100000.0,0.0,0.0,100000.0,0,100000.0
2010-12-20,100000.0,0.0,0.0,100000.0,0,100000.0
2010-12-21,100000.0,0.0,0.0,100000.0,0,100000.0
2010-12-22,100000.0,0.0,0.0,100000.0,0,100000.0
2010-12-23,100000.0,0.0,0.0,100000.0,0,100000.0
2010-12-26,100000.0,0.0,0.0,100000.0,0,100000.0
2010-12-27,100000.0,0.0,0.0,100000.0,0,100000.0
2010-12-28,100000.0,0.0,0.0,100000.0,0,100000.0
2010-12-29,100000.0,0.0,0.0,100000.0,0,100000.0
2010-12-30,100000.0,0.0,0.0,100000.0,0,100000.0
2011-01-02,100000.0,0.0,0.0,100000.0,0,100000.0
2011-01-03,100000.0,0.0,0.0,100000.0,0,100000.0
2011-01-04,100000.0,0.0,0.0,100000.0,0,100000.0
2011-01-05,100000.0,0.0,0.0,100000.0,0,100000.0
2011-01-06,100000.0,0.0,0.0,100000.0,0,100000.0
2011-01-09,100000.0,0.0,0.0,100000.0,0,100000.0
2011-01-10,100000.0,0.0,0.0,100000.0,0,100000.0
2011-01-11,100000.0,0.0,0.0,100000.0,0,100000.0
2011-01-12,100000.0,0.0,0.0,100000.0,0,100000.0
2011-01-13,100000.0,0.0,0.0,100000.0,0,100000.0
2011-01-16,100000.0,0.0,0.0,100000.0,0,100000.0
2011-01-17,100000.0,0.0,0.0,100000.0,0,100000.0
2011-01-18,100000.0,0.0,0.0,100000.0,0,100000.0
2011-01-19,100000.0,0.0,0.0,100000.0,0,100000.0
2011-01-20,100000.0,0.0,0.0,100000.0,0,100000.0
2011-01-25,100000.0,0.0,0.0,100000.0,0,100000.0
2011-01-26,100000.0,0.0,0.0,100000.0,0,100000.0
2011-01-27,100000.0,0.0,0.0,100000.0,0,100000.0
2011-01-30,100000.0,0.0,0.0,100000.0,0,100000.0
2011-01-31,100000.0,0.0,0.0,100000.0,0,100000.0
2011-02-01,100000.0,0.0,0.0,100000.0,0,100000.0
2011-02-02,100000.0,0.0,0.0,100000.0,0,100000.0
2011-02-03,100000.0,0.0,0.0,100000.0,0,100000.0
2011-02-06,100000.0,0.0,0.0,100000.0,0,100000.0
2011-02-07,100000.0,0.0,0.0,100000.0,0,100000.0
2011-02-08,100000.0,0.0,0.0,100000.0,0,100000.0
2011-02-09,100000.0,0.0,0.0,100000.0,0,100000.0
2011-02-10,100000.0,0.0,0.0,100000.0,0,100000.0
2011-02-13,100000.0,0.0,0.0,100000.0,0,100000.0
2011-02-14,100000.0,0.0,0.0,100000.0,0,100000.0
2011-02-15,100000.0,0.0,0.0,100000.0,0,100000.0
2011-02-20,100000.0,0.0,0.0,100000.0,0,100000.0
2011-02-22,100000.0,0.0,0.0,100000.0,0,100000.0
2011-02-27,100000.0,0.0,0.0,100000.0,0,100000.0
2011-02-28,100000.0,0.0,0.0,100000.0,0,100000.0
2011-03-01,100000.0,0.0,0.0,100000.0,0,100000.0
2011-03-02,100000.0,0.0,0.0,100000.0,0,100000.0
2011-03-03,100000.0,0.0,0.0,100000.0,0,100000.0
2011-03-06,100000.0,0.0,0.0,100000.0,0,100000.0
2011-03-07,100000.0,0.0,0.0,100000.0,0,100000.0
2011-03-08,100000.0,0.0,0.0,100000.0,0,100000.0
2011-03-09,100000.0,0.0,0.0,100000.0,0,100000.0
2011-03-10,100000.0,0.0,0.0,100000.0,0,100000.0
2011-03-13,100000.0,0.0,0.0,100000.0,0,100000.0
2011-03-14,100000.0,0.0,0.0,100000.0,0,100000.0
2011-03-15,100000.0,0.0,0.0,100000.0,0,100000.0
2011-03-16,100000.0,0.0,0.0,100000.0,0,100000.0
2011-03-20,100000.0,0.0,0.0,100000.0,0,100000.0
2011-03-21,100000.0,0.0,0.0,100000.0,0,100000.0
2011-03-22,100000.0,0.0,0.0,100000.0,0,100000.0
2011-03-23,100000.0,0.0,0.0,100000.0,0,100000.0
2011-03-24,100000.0,0.0,0.0,100000.0,0,100000.0
2011-03-27,100000.0,0.0,0.0,100000.0,0,100000.0
2011-03-28,100000.0,0.0,0.0,100000.0,0,100000.0
2011-03-29,100000.0,0.0,0.0,100000.0,0,100000.0
2011-03-30,100000.0,0.0,0.0,100000.0,0,100000.0
2011-03-31,100000.0,0.0,0.0,100000.0,0,100000.0
2011-04-03,100000.0,0.0,0.0,100000.0,0,100000.0
2011-04-04,100000.0,0.0,0.0,100000.0,0,100000.0
2011-04-05,100000.0,0.0,0.0,100000.0,0,100000.0
2011-04-06,100000.0,0.0,0.0,100000.0,0,100000.0
2011-04-07,100000.0,0.0,0.0,100000.0,0,100000.0
2011-04-10,100000.0,0.0,0.0,100000.0,0,100000.0
2011-04-11,100000.0,0.0,0.0,100000.0,0,100000.0
2011-04-12,100000.0,0.0,0.0,100000.0,0,100000.0
2011-04-13,100000.0,0.0,0.0,100000.0,0,100000.0
2011-04-17,100000.0,0.0,0.0,100000.0,0,100000.0
2011-04-18,100000.0,0.0,0.0,100000.0,0,100000.0
2011-04-19,100000.0,0.0,0.0,100000.0,0,100000.0
2011-04-20,100000.0,0.0,0.0,100000.0,0,100000.0
2011-04-21,100000.0,0.0,0.0,100000.0,0,100000.0
2011-04-24,100000.0,0.0,0.0,100000.0,0,100000.0
2011-04-25,100000.0,0.0,0.0,100000.0,0,100000.0
2011-04-26,100000.0,0.0,0.0,100000.0,0,100000.0
2011-04-27,100000.0,0.0,0.0,100000.0,0,100000.0
2011-05-03,100000.0,0.0,0.0,100000.0,0,100000.0
2011-05-04,100000.0,0.0,0.0,100000.0,0,100000.0
2011-05-05,100000.0,0.0,0.0,100000.0,0,100000.0
2011-05-08,100000.0,0.0,0.0,100000.0,0,100000.0
2011-05-09,100000.0,0.0,0.0,100000.0,0,100000.0
2011-05-10,100000.0,0.0,0.0,100000.0,0,100000.0
2011-05-11,100000.0,0.0,0.0,100000.0,0,100000.0
2011-05-12,100000.0,0.0,0.0,100000.0,0,100000.0
2011-05-15,100000.0,0.0,0.0,100000.0,0,100000.0
2011-05-16,100000.0,0.0,0.0,100000.0,0,100000.0
2011-05-18,100000.0,0.0,0.0,100000.0,0,100000.0
2011-05-19,100000.0,0.0,0.0,100000.0,0,100000.0
2011-05-22,100000.0,0.0,0.0,100000.0,0,100000.0
2011-05-23,100000.0,0.0,0.0,100000.0,0,100000.0
2011-05-24,100000.0,0.0,0.0,100000.0,0,100000.0
2011-05-25,100000.0,0.0,0.0,100000.0,0,100000.0
2011-05-26,100000.0,0.0,0.0,100000.0,0,100000.0
2011-05-29,100000.0,0.0,0.0,100000.0,0,100000.0
2011-05-30,100000.0,0.0,0.0,100000.0,0,100000.0
2011-05-31,100000.0,0.0,0.0,100000.0,0,100000.0
2011-06-01,100000.0,0.0,0.0,100000.0,0,100000.0
2011-06-02,100000.0,0.0,0.0,100000.0,0,100000.0
2011-06-05,100000.0,0.0,0.0,100000.0,0,100000.0
2011-06-06,100000.0,0.0,0.0,100000.0,0,100000.0
2011-06-07,100000.0,0.0,0.0,100000.0,0,100000.0
2011-06-08,100000.0,0.0,0.0,100000.0,0,100000.0
2011-06-09,100000.0,0.0,0.0,100000.0,0,100000.0
2011-06-12,100000.0,0.0,0.0,100000.0,0,100000.0
2011-06-13,100000.0,0.0,0.0,100000.0,0,100000.0
2011-06-14,100000.0,0.0,0.0,100000.0,0,100000.0
2011-06-15,100000.0,0.0,0.0,100000.0,0,100000.0
2011-06-16,100000.0,0.0,0.0,100000.0,0,100000.0
2011-06-19,100000.0,0.0,0.0,100000.0,0,100000.0
2011-06-20,100000.0,0.0,0.0,100000.0,0,100000.0
2011-06-21,100000.0,0.0,0.0,100000.0,0,100000.0
2011-06-22,100000.0,0.0,0.0,100000.0,0,100000.0
2011-06-23,100000.0,0.0,0.0,100000.0,0,100000.0
2011-06-26,100000.0,0.0,0.0,100000.0,0,100000.0
2011-06-27,100000.0,0.0,0.0,100000.0,0,100000.0
2011-06-28,100000.0,0.0,0.0,100000.0,0,100000.0
2011-06-29,100000.0,0.0,0.0,100000.0,0,100000.0
2011-06-30,100000.0,0.0,0.0,100000.0,0,100000.0
2011-07-03,100000.0,0.0,0.0,100000.0,0,100000.0
2011-07-04,100000.0,0.0,0.0,100000.0,0,100000.0
2011-07-05,100000.0,0.0,0.0,100000.0,0,100000.0
2011-07-06,100000.0,0.0,0.0,100000.0,0,100000.0
2011-07-07,100000.0,0.0,0.0,100000.0,0,100000.0
2011-07-10,100000.0,0.0,0.0,100000.0,0,100000.0
2011-07-11,100000.0,0.0,0.0,100000.0,0,100000.0
2011-07-12,100000.0,0.0,0.0,100000.0,0,100000.0
2011-07-13,100000.0,0.0,0.0,100000.0,0,100000.0
2011-07-14,100000.0,0.0,0.0,100000.0,0,100000.0
2011-07-17,100000.0,0.0,0.0,100000.0,0,100000.0
2011-07-19,100000.0,0.0,0.0,100000.0,0,100000.0
2011-07-20,100000.0,0.0,0.0,100000.0,0,100000.0
2011-07-21,100000.0,0.0,0.0,100000.0,0,100000.0
2011-07-24,100000.0,0.0,0.0,100000.0,0,100000.0
2011-07-25,100000.0,0.0,0.0,100000.0,0,100000.0
2011-07-26,100000.0,0.0,0.0,100000.0,0,100000.0
2011-07-27,100000.0,0.0,0.0,100000.0,0,100000.0
2011-07-28,100000.0,0.0,0.0,100000.0,0,100000.0
2011-07-31,100000.0,0.0,0.0,100000.0,0,100000.0
2011-08-01,100000.0,0.0,0.0,100000.0,0,100000.0
2011-08-02,100000.0,0.0,0.0,100000.0,0,100000.0
2011-08-03,100000.0,0.0,0.0,100000.0,0,100000.0
2011-08-04,100000.0,0.0,0.0,100000.0,0,100000.0
2011-08-07,100000.0,0.0,0.0,100000.0,0,100000.0
2011-08-08,100000.0,0.0,0.0,100000.0,0,100000.0
2011-08-09,100000.0,0.0,0.0,100000.0,0,100000.0
2011-08-10,100000.0,0.0,0.0,100000.0,0,100000.0
2011-08-11,100000.0,0.0,0.0,100000.0,0,100000.0
2011-08-14,100000.0,0.0,0.0,100000.0,0,100000.0
2011-08-16,100000.0,0.0,0.0,100000.0,0,100000.0
2011-08-17,100000.0,0.0,0.0,100000.0,0,100000.0
2011-08-18,100000.0,0.0,0.0,100000.0,0,100000.0
2011-08-21,100000.0,0.0,0.0,100000.0,0,100000.0
2011-08-23,100000.0,0.0,0.0,100000.0,0,100000.0
2011-08-24,100000.0,0.0,0.0,100000.0,0,100000.0
2011-08-25,100000.0,0.0,0.0,100000.0,0,100000.0
2011-09-04,100000.0,0.0,0.0,100000.0,0,100000.0
2011-09-05,100000.0,0.0,0.0,100000.0,0,100000.0
2011-09-06,100000.0,0.0,0.0,100000.0,0,100000.0
2011-09-07,100000.0,0.0,0.0,100000.0,0,100000.0
2011-09-08,100000.0,0.0,0.0,100000.0,0,100000.0
2011-09-11,100000.0,0.0,0.0,100000.0,0,100000.0
2011-09-12,100000.0,0.0,0.0,100000.0,0,100000.0
2011-09-13,100000.0,0.0,0.0,100000.0,0,100000.0
2011-09-14,100000.0,0.0,0.0,100000.0,0,100000.0
2011-09-15,100000.0,0.0,0.0,100000.0,0,100000.0
2011-09-18,100000.0,0.0,0.0,100000.0,0,100000.0
2011-09-19,100000.0,0.0,0.0,100000.0,0,100000.0
2011-09-20,100000.0,0.0,0.0,100000.0,0,100000.0
2011-09-21,100000.0,0.0,0.0,100000.0,0,100000.0
2011-09-22,100000.0,0.0,0.0,100000.0,0,100000.0
2011-09-25,100000.0,0.0,0.0,100000.0,0,100000.0
2011-09-26,100000.0,0.0,0.0,100000.0,0,100000.0
2011-09-27,100000.0,0.0,0.0,100000.0,0,100000.0
2011-09-28,100000.0,0.0,0.0,100000.0,0,100000.0
2011-09-29,100000.0,0.0,0.0,100000.0,0,100000.0
2011-10-02,100000.0,0.0,0.0,100000.0,0,100000.0
2011-10-03,100000.0,0.0,0.0,100000.0,0,100000.0
2011-10-04,100000.0,0.0,0.0,100000.0,0,100000.0
2011-10-05,100000.0,0.0,0.0,100000.0,0,100000.0
2011-10-09,100000.0,0.0,0.0,100000.0,0,100000.0
2011-10-10,100000.0,0.0,0.0,100000.0,0,100000.0
2011-10-11,100000.0,0.0,0.0,100000.0,0,100000.0
2011-10-12,100000.0,0.0,0.0,100000.0,0,100000.0
2011-10-13,100000.0,0.0,0.0,100000.0,0,100000.0
2011-10-16,100000.0,0.0,0.0,100000.0,0,100000.0
2011-10-17,100000.0,0.0,0.0,100000.0,0,100000.0
2011-10-18,100000.0,0.0,0.0,100000.0,0,100000.0
2011-10-19,100000.0,0.0,0.0,100000.0,0,100000.0
2011-10-20,100000.0,0.0,0.0,100000.0,0,100000.0
2011-10-23,100000.0,0.0,0.0,100000.0,0,100000.0
2011-10-24,100000.0,0.0,0.0,100000.0,0,100000.0
2011-10-25,100000.0,0.0,0.0,100000.0,0,100000.0
2011-10-26,100000.0,0.0,0.0,100000.0,0,100000.0
2011-10-27,100000.0,0.0,0.0,100000.0,0,100000.0
2011-10-30,100000.0,0.0,0.0,100000.0,0,100000.0
2011-10-31,100000.0,0.0,0.0,100000.0,0,100000.0
2011-11-01,100000.0,0.0,0.0,100000.0,0,100000.0
2011-11-02,100000.0,0.0,0.0,100000.0,0,100000.0
2011-11-03,100000.0,0.0,0.0,100000.0,0,100000.0
2011-11-13,100000.0,0.0,0.0,100000.0,0,100000.0
2011-11-14,100000.0,0.0,0.0,100000.0,0,100000.0
2011-11-15,100000.0,0.0,0.0,100000.0,0,100000.0
2011-11-16,100000.0,0.0,0.0,100000.0,0,100000.0
2011-11-17,100000.0,0.0,0.0,100000.0,0,100000.0
2011-11-20,100000.0,0.0,0.0,100000.0,0,100000.0
2011-11-21,100000.0,0.0,0.0,100000.0,0,100000.0
2011-11-22,100000.0,0.0,0.0,100000.0,0,100000.0
2011-11-23,100000.0,0.0,0.0,100000.0,0,100000.0
2011-11-24,100000.0,0.0,0.0,100000.0,0,100000.0
2011-11-27,100000.0,0.0,0.0,100000.0,0,100000.0
2011-11-28,100000.0,0.0,0.0,100000.0,0,100000.0
2011-11-29,100000.0,0.0,0.0,100000.0,0,100000.0
2011-11-30,100000.0,0.0,0.0,100000.0,0,100000.0
2011-12-05,100000.0,0.0,0.0,100000.0,0,100000.0
2011-12-07,100000.0,0.0,0.0,100000.0,0,100000.0
2011-12-08,100000.0,0.0,0.0,100000.0,0,100000.0
2011-12-11,100000.0,0.0,0.0,100000.0,0,100000.0
2011-12-12,100000.0,0.0,0.0,100000.0,0,100000.0
2011-12-13,100000.0,0.0,0.0,100000.0,0,100000.0
2011-12-14,100000.0,0.0,0.0,100000.0,0,100000.0
2011-12-15,100000.0,0.0,0.0,100000.0,0,100000.0
2011-12-18,100000.0,0.0,0.0,100000.0,0,100000.0
2011-12-19,100000.0,0.0,0.0,100000.0,0,100000.0
2011-12-20,100000.0,0.0,0.0,100000.0,0,100000.0
2011-12-21,100000.0,0.0,0.0,100000.0,0,100000.0
2011-12-22,100000.0,0.0,0.0,100000.0,0,100000.0
2011-12-26,100000.0,0.0,0.0,100000.0,0,100000.0
2011-12-27,100000.0,0.0,0.0,100000.0,0,100000.0
2011-12-28,100000.0,0.0,0.0,100000.0,0,100000.0
2011-12-29,100000.0,0.0,0.0,100000.0,0,100000.0
2012-01-01,100000.0,0.0,0.0,100000.0,0,100000.0
2012-01-02,100000.0,0.0,0.0,100000.0,0,100000.0
2012-01-03,100000.0,0.0,0.0,100000.0,0,100000.0
2012-01-04,100000.0,0.0,0.0,100000.0,0,100000.0
2012-01-05,100000.0,0.0,0.0,100000.0,0,100000.0
2012-01-08,100000.0,0.0,0.0,100000.0,0,100000.0
2012-01-09,100000.0,0.0,0.0,100000.0,0,100000.0
2012-01-10,100000.0,0.0,0.0,100000.0,0,100000.0
2012-01-11,100000.0,0.0,0.0,100000.0,0,100000.0
2012-01-12,100000.0,0.0,0.0,100000.0,0,100000.0
2012-01-15,100000.0,0.0,0.0,100000.0,0,100000.0
2012-01-16,100000.0,0.0,0.0,100000.0,0,100000.0
2012-01-18,100000.0,0.0,0.0,100000.0,0,100000.0
2012-01-19,100000.0,0.0,0.0,100000.0,0,100000.0
2012-01-22,100000.0,0.0,0.0,100000.0,0,100000.0
2012-01-23,100000.0,0.0,0.0,100000.0,0,100000.0
2012-01-24,100000.0,0.0,0.0,100000.0,0,100000.0
2012-01-25,100000.0,0.0,0.0,100000.0,0,100000.0
2012-01-26,100000.0,0.0,0.0,100000.0,0,100000.0
2012-01-29,100000.0,0.0,0.0,100000.0,0,100000.0
2012-01-30,100000.0,0.0,0.0,100000.0,0,100000.0
2012-01-31,100000.0,0.0,0.0,100000.0,0,100000.0
2012-02-01,100000.0,0.0,0.0,100000.0,0,100000.0
2012-02-02,100000.0,0.0,0.0,100000.0,0,100000.0
2012-02-06,100000.0,0.0,0.0,100000.0,0,100000.0
2012-02-07,100000.0,0.0,0.0,100000.0,0,100000.0
2012-02-08,100000.0,0.0,0.0,100000.0,0,100000.0
2012-02-09,100000.0,0.0,0.0,100000.0,0,100000.0
2012-02-12,100000.0,0.0,0.0,100000.0,0,100000.0
2012-02-13,100000.0,0.0,0.0,100000.0,0,100000.0
2012-02-14,100000.0,0.0,0.0,100000.0,0,100000.0
2012-02-15,100000.0,0.0,0.0,100000.0,0,100000.0
2012-02-16,100000.0,0.0,0.0,100000.0,0,100000.0
2012-02-19,100000.0,0.0,0.0,100000.0,0,100000.0
2012-02-20,100000.0,0.0,0.0,100000.0,0,100000.0
2012-02-22,100000.0,0.0,0.0,100000.0,0,100000.0
2012-02-23,100000.0,0.0,0.0,100000.0,0,100000.0
2012-02-27,100000.0,0.0,0.0,100000.0,0,100000.0
2012-02-28,100000.0,0.0,0.0,100000.0,0,100000.0
2012-02-29,100000.0,0.0,0.0,100000.0,0,100000.0
2012-03-01,100000.0,0.0,0.0,100000.0,0,100000.0
2012-03-04,100000.0,0.0,0.0,100000.0,0,100000.0
2012-03-05,100000.0,0.0,0.0,100000.0,0,100000.0
2012-03-06,100000.0,0.0,0.0,100000.0,0,100000.0
2012-03-07,100000.0,0.0,0.0,100000.0,0,100000.0
2012-03-08,100000.0,0.0,0.0,100000.0,0,100000.0
2012-03-11,100000.0,0.0,0.0,100000.0,0,100000.0
2012-03-12,100000.0,0.0,0.0,100000.0,0,100000.0
2012-03-13,100000.0,0.0,0.0,100000.0,0,100000.0
2012-03-14,100000.0,0.0,0.0,100000.0,0,100000.0
2012-03-15,100000.0,0.0,0.0,100000.0,0,100000.0
2012-03-18,100000.0,0.0,0.0,100000.0,0,100000.0
2012-03-19,100000.0,0.0,0.0,100000.0,0,100000.0
2012-03-20,100000.0,0.0,0.0,100000.0,0,100000.0
2012-03-21,100000.0,0.0,0.0,100000.0,0,100000.0
2012-03-22,100000.0,0.0,0.0,100000.0,0,100000.0
2012-03-25,100000.0,0.0,0.0,100000.0,0,100000.0
2012-03-27,100000.0,0.0,0.0,100000.0,0,100000.0
2012-03-28,100000.0,0.0,0.0,100000.0,0,100000.0
2012-03-29,100000.0,0.0,0.0,100000.0,0,100000.0
2012-04-01,100000.0,0.0,0.0,100000.0,0,100000.0
2012-04-02,100000.0,0.0,0.0,100000.0,0,100000.0
2012-04-03,100000.0,0.0,0.0,100000.0,0,100000.0
2012-04-04,100000.0,0.0,0.0,100000.0,0,100000.0
2012-04-05,100000.0,0.0,0.0,100000.0,0,100000.0
2012-04-08,100000.0,0.0,0.0,100000.0,0,100000.0
2012-04-09,100000.0,0.0,0.0,100000.0,0,100000.0
2012-04-10,100000.0,0.0,0.0,100000.0,0,100000.0
2012-04-11,100000.0,0.0,0.0,100000.0,0,100000.0
2012-04-12,100000.0,0.0,0.0,100000.0,0,100000.0
2012-04-15,100000.0,0.0,0.0,100000.0,0,100000.0
2012-04-16,100000.0,0.0,0.0,100000.0,0,100000.0
2012-04-17,100000.0,0.0,0.0,100000.0,0,100000.0
2012-04-18,100000.0,0.0,0.0,100000.0,0,100000.0
2012-04-19,100000.0,0.0,0.0,100000.0,0,100000.0
2012-04-22,100000.0,0.0,0.0,100000.0,0,100000.0
2012-04-23,100000.0,0.0,0.0,100000.0,0,100000.0
2012-04-24,100000.0,0.0,0.0,100000.0,0,100000.0
2012-04-25,100000.0,0.0,0.0,100000.0,0,100000.0
2012-04-26,100000.0,0.0,0.0,100000.0,0,100000.0
2012-04-29,100000.0,0.0,0.0,100000.0,0,100000.0
2012-04-30,100000.0,0.0,0.0,100000.0,0,100000.0
2012-05-02,100000.0,0.0,0.0,100000.0,0,100000.0
2012-05-03,100000.0,0.0,0.0,100000.0,0,100000.0
2012-05-07,100000.0,0.0,0.0,100000.0,0,100000.0
2012-05-08,100000.0,0.0,0.0,100000.0,0,100000.0
2012-05-09,100000.0,0.0,0.0,100000.0,0,100000.0
2012-05-10,100000.0,0.0,0.0,100000.0,0,100000.0
2012-05-13,100000.0,0.0,0.0,100000.0,0,100000.0
2012-05-14,100000.0,0.0,0.0,100000.0,0,100000.0
2012-05-15,100000.0,0.0,0.0,100000.0,0,100000.0
2012-05-16,100000.0,0.0,0.0,100000.0,0,100000.0
2012-05-17,100000.0,0.0,0.0,100000.0,0,100000.0
2012-05-20,100000.0,0.0,0.0,100000.0,0,100000.0
2012-05-21,100000.0,0.0,0.0,100000.0,0,100000.0
2012-05-22,100000.0,0.0,0.0,100000.0,0,100000.0
2012-05-23,100000.0,0.0,0.0,100000.0,0,100000.0
2012-05-24,100000.0,0.0,0.0,100000.0,0,100000.0
2012-05-27,100000.0,0.0,0.0,100000.0,0,100000.0
2012-05-28,100000.0,0.0,0.0,100000.0,0,100000.0
2012-05-29,100000.0,0.0,0.0,100000.0,0,100000.0
2012-05-30,100000.0,0.0,0.0,100000.0,0,100000.0
2012-05-31,100000.0,0.0,0.0,100000.0,0,100000.0
2012-06-03,100000.0,0.0,0.0,100000.0,0,100000.0
2012-06-04,100000.0,0.0,0.0,100000.0,0,100000.0
2012-06-05,100000.0,0.0,0.0,100000.0,0,100000.0
2012-06-06,100000.0,0.0,0.0,100000.0,0,100000.0
2012-06-07,100000.0,0.0,0.0,100000.0,0,100000.0
2012-06-10,100000.0,0.0,0.0,100000.0,0,100000.0
2012-06-11,100000.0,0.0,0.0,100000.0,0,100000.0
2012-06-12,100000.0,0.0,0.0,100000.0,0,100000.0
2012-06-13,100000.0,0.0,0.0,100000.0,0,100000.0
2012-06-14,100000.0,0.0,0.0,100000.0,0,100000.0
2012-06-17,100000.0,0.0,0.0,100000.0,0,100000.0
2012-06-18,100000.0,0.0,0.0,100000.0,0,100000.0
2012-06-19,100000.0,0.0,0.0,100000.0,0,100000.0
2012-06-20,100000.0,0.0,0.0,100000.0,0,100000.0
2012-06-21,100000.0,0.0,0.0,100000.0,0,100000.0
2012-06-24,100000.0,0.0,0.0,100000.0,0,100000.0
2012-06-25,100000.0,0.0,0.0,100000.0,0,100000.0
2012-06-26,100000.0,0.0,0.0,100000.0,0,100000.0
2012-06-27,100000.0,0.0,0.0,100000.0,0,100000.0
2012-06-28,100000.0,0.0,0.0,100000.0,0,100000.0
2012-07-02,100000.0,0.0,0.0,100000.0,0,100000.0
2012-07-03,100000.0,0.0,0.0,100000.0,0,100000.0
2012-07-04,100000.0,0.0,0.0,100000.0,0,100000.0
2012-07-05,100000.0,0.0,0.0,100000.0,0,100000.0
2012-07-08,100000.0,0.0,0.0,100000.0,0,100000.0
2012-07-09,100000.0,0.0,0.0,100000.0,0,100000.0
2012-07-10,100000.0,0.0,0.0,100000.0,0,100000.0
2012-07-11,100000.0,0.0,0.0,100000.0,0,100000.0
2012-07-12,100000.0,0.0,0.0,100000.0,0,100000.0
2012-07-15,100000.0,0.0,0.0,100000.0,0,100000.0
2012-07-16,100000.0,0.0,0.0,100000.0,0,100000.0
2012-07-17,100000.0,0.0,0.0,100000.0,0,100000.0
2012-07-18,100000.0,0.0,0.0,100000.0,0,100000.0
2012-07-19,100000.0,0.0,0.0,100000.0,0,100000.0
2012-07-22,100000.0,0.0,0.0,100000.0,0,100000.0
2012-07-23,100000.0,0.0,0.0,100000.0,0,100000.0
2012-07-24,100000.0,0.0,0.0,100000.0,0,100000.0
2012-07-25,100000.0,0.0,0.0,100000.0,0,100000.0
2012-07-26,100000.0,0.0,0.0,100000.0,0,100000.0
2012-07-29,100000.0,0.0,0.0,100000.0,0,100000.0
2012-07-30,100000.0,0.0,0.0,100000.0,0,100000.0
2012-08-01,100000.0,0.0,0.0,100000.0,0,100000.0
2012-08-02,100000.0,0.0,0.0,100000.0,0,100000.0
2012-08-05,100000.0,0.0,0.0,100000.0,0,100000.0
2012-08-06,100000.0,0.0,0.0,100000.0,0,100000.0
2012-08-07,100000.0,0.0,0.0,100000.0,0,100000.0
2012-08-08,100000.0,0.0,0.0,100000.0,0,100000.0
2012-08-12,100000.0,0.0,0.0,100000.0,0,100000.0
2012-08-13,100000.0,0.0,0.0,100000.0,0,100000.0
2012-08-14,100000.0,0.0,0.0,100000.0,0,100000.0
2012-08-26,100000.0,0.0,0.0,100000.0,0,100000.0
2012-08-27,100000.0,0.0,0.0,100000.0,0,100000.0
2012-08-28,100000.0,0.0,0.0,100000.0,0,100000.0
2012-08-29,100000.0,0.0,0.0,100000.0,0,100000.0
2012-08-30,100000.0,0.0,0.0,100000.0,0,100000.0
2012-09-02,100000.0,0.0,0.0,100000.0,0,100000.0
2012-09-03,100000.0,0.0,0.0,100000.0,0,100000.0
2012-09-04,100000.0,0.0,0.0,100000.0,0,100000.0
2012-09-05,100000.0,0.0,0.0,100000.0,0,100000.0
2012-09-06,100000.0,0.0,0.0,100000.0,0,100000.0
2012-09-09,100000.0,0.0,0.0,100000.0,0,100000.0
2012-09-10,100000.0,0.0,0.0,100000.0,0,100000.0
2012-09-11,100000.0,0.0,0.0,100000.0,0,100000.0
2012-09-12,100000.0,0.0,0.0,100000.0,0,100000.0
2012-09-13,100000.0,0.0,0.0,100000.0,0,100000.0
2012-09-16,100000.0,0.0,0.0,100000.0,0,100000.0
2012-09-17,100000.0,0.0,0.0,100000.0,0,100000.0
2012-09-18,100000.0,0.0,0.0,100000.0,0,100000.0
2012-09-19,100000.0,0.0,0.0,100000.0,0,100000.0
2012-09-20,100000.0,0.0,0.0,100000.0,0,100000.0
2012-09-23,100000.0,0.0,0.0,100000.0,0,100000.0
2012-09-24,100000.0,0.0,0.0,100000.0,0,100000.0
2012-09-25,100000.0,0.0,0.0,100000.0,0,100000.0
2012-09-26,100000.0,0.0,0.0,100000.0,0,100000.0
2012-09-27,100000.0,0.0,0.0,100000.0,0,100000.0
2012-09-30,100000.0,0.0,0.0,100000.0,0,100000.0
2012-10-01,100000.0,0.0,0.0,100000.0,0,100000.0
2012-10-02,100000.0,0.0,0.0,100000.0,0,100000.0
2012-10-03,100000.0,0.0,0.0,100000.0,0,100000.0
2012-10-04,100000.0,0.0,0.0,100000.0,0,100000.0
2012-10-07,100000.0,0.0,0.0,100000.0,0,100000.0
2012-10-08,100000.0,0.0,0.0,100000.0,0,100000.0
2012-10-09,100000.0,0.0,0.0,100000.0,0,100000.0
2012-10-10,100000.0,0.0,0.0,100000.0,0,100000.0
2012-10-11,100000.0,0.0,0.0,100000.0,0,100000.0
2012-10-14,100000.0,0.0,0.0,100000.0,0,100000.0
2012-10-15,100000.0,0.0,0.0,100000.0,0,100000.0
2012-10-16,100000.0,0.0,0.0,100000.0,0,100000.0
2012-10-17,100000.0,0.0,0.0,100000.0,0,100000.0
2012-10-18,100000.0,0.0,0.0,100000.0,0,100000.0
2012-10-21,100000.0,0.0,0.0,100000.0,0,100000.0
2012-10-22,100000.0,0.0,0.0,100000.0,0,100000.0
2012-10-23,100000.0,0.0,0.0,100000.0,0,100000.0
2012-10-30,100000.0,0.0,0.0,100000.0,0,100000.0
2012-10-31,100000.0,0.0,0.0,100000.0,0,100000.0
2012-11-01,100000.0,0.0,0.0,100000.0,0,100000.0
2012-11-04,100000.0,0.0,0.0,100000.0,0,100000.0
2012-11-05,100000.0,0.0,0.0,100000.0,0,100000.0
2012-11-06,100000.0,0.0,0.0,100000.0,0,100000.0
2012-11-07,100000.0,0.0,0.0,100000.0,0,100000.0
2012-11-08,100000.0,0.0,0.0,100000.0,0,100000.0
2012-11-11,100000.0,0.0,0.0,100000.0,0,100000.0
2012-11-12,100000.0,0.0,0.0,100000.0,0,100000.0
2012-11-13,100000.0,0.0,0.0,100000.0,0,100000.0
2012-11-14,100000.0,0.0,0.0,100000.0,0,100000.0
2012-11-15,100000.0,0.0,0.0,100000.0,0,100000.0
2012-11-18,100000.0,0.0,0.0,100000.0,0,100000.0
2012-11-19,100000.0,0.0,0.0,100000.0,0,100000.0
2012-11-20,100000.0,0.0,0.0,100000.0,0,100000.0
2012-11-21,100000.0,0.0,0.0,100000.0,0,100000.0
2012-11-22,100000.0,0.0,0.0,100000.0,0,100000.0
2012-11-26,100000.0,0.0,0.0,100000.0,0,100000.0
2012-11-27,100000.0,0.0,0.0,100000.0,0,100000.0
2012-11-28,100000.0,0.0,0.0,100000.0,0,100000.0
2012-11-29,100000.0,0.0,0.0,100000.0,0,100000.0
2012-12-02,100000.0,0.0,0.0,100000.0,0,100000.0
2012-12-03,100000.0,0.0,0.0,100000.0,0,100000.0
2012-12-04,100000.0,0.0,0.0,100000.0,0,100000.0
2012-12-05,100000.0,0.0,0.0,100000.0,0,100000.0
2012-12-06,100000.0,0.0,0.0,100000.0,0,100000.0
2012-12-09,100000.0,0.0,0.0,100000.0,0,100000.0
2012-12-10,100000.0,0.0,0.0,100000.0,0,100000.0
2012-12-11,100000.0,0.0,0.0,100000.0,0,100000.0
2012-12-12,100000.0,0.0,0.0,100000.0,0,100000.0
2012-12-13,100000.0,0.0,0.0,100000.0,0,100000.0
2012-12-17,100000.0,0.0,0.0,100000.0,0,100000.0
2012-12-18,100000.0,0.0,0.0,100000.0,0,100000.0
2012-12-19,100000.0,0.0,0.0,100000.0,0,100000.0
2012-12-20,100000.0,0.0,0.0,100000.0,0,100000.0
2012-12-23,100000.0,0.0,0.0,100000.0,0,100000.0
2012-12-24,100000.0,0.0,0.0,100000.0,0,100000.0
2012-12-26,100000.0,0.0,0.0,100000.0,0,100000.0
2012-12-27,100000.0,0.0,0.0,100000.0,0,100000.0
2012-12-30,100000.0,0.0,0.0,100000.0,0,100000.0
2013-01-01,100000.0,0.0,0.0,100000.0,0,100000.0
2013-01-02,100000.0,0.0,0.0,100000.0,0,100000.0
2013-01-03,100000.0,0.0,0.0,100000.0,0,100000.0
2013-01-06,100000.0,0.0,0.0,100000.0,0,100000.0
2013-01-07,100000.0,0.0,0.0,100000.0,0,100000.0
2013-01-08,100000.0,0.0,0.0,100000.0,0,100000.0
2013-01-09,100000.0,0.0,0.0,100000.0,0,100000.0
2013-01-10,100000.0,0.0,0.0,100000.0,0,100000.0
2013-01-13,100000.0,0.0,0.0,100000.0,0,100000.0
2013-01-14,100000.0,0.0,0.0,100000.0,0,100000.0
2013-01-15,100000.0,0.0,0.0,100000.0,0,100000.0
2013-01-16,100000.0,0.0,0.0,100000.0,0,100000.0
2013-01-17,100000.0,0.0,0.0,100000.0,0,100000.0
2013-01-20,100000.0,0.0,0.0,100000.0,0,100000.0
2013-01-21,100000.0,0.0,0.0,100000.0,0,100000.0
2013-01-22,100000.0,0.0,0.0,100000.0,0,100000.0
2013-01-23,100000.0,0.0,0.0,100000.0,0,100000.0
2013-01-24,100000.0,0.0,0.0,100000.0,0,100000.0
2013-01-27,100000.0,0.0,0.0,100000.0,0,100000.0
2013-01-28,100000.0,0.0,0.0,100000.0,0,100000.0
2013-01-29,100000.0,0.0,0.0,100000.0,0,100000.0
2013-01-30,100000.0,0.0,0.0,100000.0,0,100000.0
2013-01-31,100000.0,0.0,0.0,100000.0,0,100000.0
2013-02-03,100000.0,0.0,0.0,100000.0,0,100000.0
2013-02-04,100000.0,0.0,0.0,100000.0,0,100000.0
2013-02-05,100000.0,0.0,0.0,100000.0,0,100000.0
2013-02-06,100000.0,0.0,0.0,100000.0,0,100000.0
2013-02-10,100000.0,0.0,0.0,100000.0,0,100000.0
2013-02-11,100000.0,0.0,0.0,100000.0,0,100000.0
2013-02-12,100000.0,0.0,0.0,100000.0,0,100000.0
2013-02-13,100000.0,0.0,0.0,100000.0,0,100000.0
2013-02-14,100000.0,0.0,0.0,100000.0,0,100000.0
2013-02-17,100000.0,0.0,0.0,100000.0,0,100000.0
2013-02-18,100000.0,0.0,0.0,100000.0,0,100000.0
2013-02-19,100000.0,0.0,0.0,100000.0,0,100000.0
2013-02-20,100000.0,0.0,0.0,100000.0,0,100000.0
2013-02-24,100000.0,0.0,0.0,100000.0,0,100000.0
2013-02-25,100000.0,0.0,0.0,100000.0,0,100000.0
2013-02-26,100000.0,0.0,0.0,100000.0,0,100000.0
2013-02-27,100000.0,0.0,0.0,100000.0,0,100000.0
2013-02-28,100000.0,0.0,0.0,100000.0,0,100000.0
2013-03-03,100000.0,0.0,0.0,100000.0,0,100000.0
2013-03-04,100000.0,0.0,0.0,100000.0,0,100000.0
2013-03-05,100000.0,0.0,0.0,100000.0,0,100000.0
2013-03-06,100000.0,0.0,0.0,100000.0,0,100000.0
2013-03-07,100000.0,0.0,0.0,100000.0,0,100000.0
2013-03-10,100000.0,0.0,0.0,100000.0,0,100000.0
2013-03-11,100000.0,0.0,0.0,100000.0,0,100000.0
2013-03-12,100000.0,0.0,0.0,100000.0,0,100000.0
2013-03-13,100000.0,0.0,0.0,100000.0,0,100000.0
2013-03-14,100000.0,0.0,0.0,100000.0,0,100000.0
2013-03-18,100000.0,0.0,0.0,100000.0,0,100000.0
2013-03-19,100000.0,0.0,0.0,100000.0,0,100000.0
2013-03-20,100000.0,0.0,0.0,100000.0,0,100000.0
2013-03-24,100000.0,0.0,0.0,100000.0,0,100000.0
2013-03-25,100000.0,0.0,0.0,100000.0,0,100000.0
2013-03-27,100000.0,0.0,0.0,100000.0,0,100000.0
2013-03-28,100000.0,0.0,0.0,100000.0,0,100000.0
2013-03-31,100000.0,0.0,0.0,100000.0,0,100000.0
2013-04-01,100000.0,0.0,0.0,100000.0,0,100000.0
2013-04-02,100000.0,0.0,0.0,100000.0,0,100000.0
2013-04-03,100000.0,0.0,0.0,100000.0,0,100000.0
2013-04-04,100000.0,0.0,0.0,100000.0,0,100000.0
2013-04-07,100000.0,0.0,0.0,100000.0,0,100000.0
2013-04-08,100000.0,0.0,0.0,100000.0,0,100000.0
2013-04-09,100000.0,0.0,0.0,100000.0,0,100000.0
2013-04-10,100000.0,0.0,0.0,100000.0,0,100000.0
2013-04-11,100000.0,0.0,0.0,100000.0,0,100000.0
2013-04-15,100000.0,0.0,0.0,100000.0,0,100000.0
2013-04-16,100000.0,0.0,0.0,100000.0,0,100000.0
2013-04-17,100000.0,0.0,0.0,100000.0,0,100000.0
2013-04-18,100000.0,0.0,0.0,100000.0,0,100000.0
2013-04-21,100000.0,0.0,0.0,100000.0,0,100000.0
2013-04-22,100000.0,0.0,0.0,100000.0,0,100000.0
2013-04-23,100000.0,0.0,0.0,100000.0,0,100000.0
2013-04-24,100000.0,0.0,0.0,100000.0,0,100000.0
2013-04-25,100000.0,0.0,0.0,100000.0,0,100000.0
2013-04-28,100000.0,0.0,0.0,100000.0,0,100000.0
2013-04-29,100000.0,0.0,0.0,100000.0,0,100000.0
2013-04-30,100000.0,0.0,0.0,100000.0,0,100000.0
2013-05-02,100000.0,0.0,0.0,100000.0,0,100000.0
2013-05-05,100000.0,0.0,0.0,100000.0,0,100000.0
2013-05-06,100000.0,0.0,0.0,100000.0,0,100000.0
2013-05-07,100000.0,0.0,0.0,100000.0,0,100000.0
2013-05-08,100000.0,0.0,0.0,100000.0,0,100000.0
2013-05-09,100000.0,0.0,0.0,100000.0,0,100000.0
2013-05-12,100000.0,0.0,0.0,100000.0,0,100000.0
2013-05-13,100000.0,0.0,0.0,100000.0,0,100000.0
2013-05-14,100000.0,0.0,0.0,0.0,0,100000.0
2013-05-15,100000.0,0.0,0.0,0.0,0,100000.0
2013-05-16,100000.0,0.0,0.0,0.0,0,100000.0
2013-05-19,100000.0,0.0,0.0,0.0,0,100000.0
2013-05-20,100000.0,0.0,0.0,0.0,0,100000.0
2013-05-21,100000.0,0.0,0.0,0.0,0,100000.0
2013-05-22,100000.0,0.0,0.0,0.0,0,100000.0
2013-05-26,100000.0,0.0,0.0,0.0,0,100000.0
2013-05-27,100000.0,0.0,0.0,0.0,0,100000.0
2013-05-28,100000.0,0.0,0.0,0.0,0,100000.0
2013-05-29,100000.0,0.0,0.0,0.0,0,100000.0
2013-05-30,100000.0,0.0,0.0,0.0,0,100000.0
2013-06-02,100000.0,0.0,0.0,0.0,0,100000.0
2013-06-03,100000.0,0.0,0.0,0.0,0,100000.0
2013-06-04,100000.0,0.0,0.0,0.0,0,100000.0
2013-06-05,100000.0,0.0,0.0,0.0,0,100000.0
2013-06-06,100000.0,0.0,0.0,0.0,0,100000.0
2013-06-09,100000.0,0.0,0.0,0.0,0,100000.0
2013-06-10,100000.0,0.0,0.0,0.0,0,100000.0
2013-06-11,100000.0,0.0,0.0,0.0,0,100000.0
2013-06-12,100000.0,0.0,0.0,0.0,0,100000.0
2013-06-13,100000.0,0.0,0.0,0.0,0,100000.0
2013-06-16,100000.0,0.0,0.0,0.0,0,100000.0
2013-06-17,100000.0,0.0,0.0,0.0,0,100000.0
2013-06-18,100000.0,0.0,0.0,0.0,0,100000.0
2013-06-19,100000.0,0.0,0.0,0.0,0,100000.0
2013-06-20,100000.0,0.0,0.0,0.0,0,100000.0
2013-06-23,100000.0,0.0,0.0,0.0,0,100000.0
2013-06-24,100000.0,0.0,0.0,0.0,0,100000.0
2013-06-26,100000.0,0.0,0.0,0.0,0,100000.0
2013-06-27,100000.0,0.0,0.0,0.0,0,100000.0
2013-06-30,100000.0,0.0,0.0,0.0,0,100000.0
2013-07-02,100000.0,0.0,0.0,0.0,0,100000.0
2013-07-03,100000.0,0.0,0.0,0.0,0,100000.0
2013-07-04,100000.0,0.0,0.0,0.0,0,100000.0
2013-07-07,100000.0,0.0,0.0,0.0,0,100000.0
2013-07-08,100000.0,0.0,0.0,0.0,0,100000.0
2013-07-09,100000.0,0.0,0.0,0.0,0,100000.0
2013-07-10,100000.0,0.0,0.0,0.0,0,100000.0
2013-07-11,100000.0,0.0,0.0,0.0,0,100000.0
2013-07-14,100000.0,0.0,0.0,0.0,0,100000.0
2013-07-15,100000.0,0.0,0.0,0.0,0,100000.0
2013-07-16,100000.0,0.0,0.0,0.0,0,100000.0
2013-07-17,100000.0,0.0,0.0,0.0,0,100000.0
2013-07-18,100000.0,0.0,0.0,0.0,0,100000.0
2013-07-21,100000.0,0.0,0.0,0.0,0,100000.0
2013-07-22,100000.0,0.0,0.0,0.0,0,100000.0
2013-07-23,100000.0,0.0,0.0,0.0,0,100000.0
2013-07-24,100000.0,0.0,0.0,0.0,0,100000.0
2013-07-25,100000.0,0.0,0.0,0.0,0,100000.0
2013-07-28,100000.0,0.0,0.0,0.0,0,100000.0
2013-07-29,100000.0,0.0,0.0,0.0,0,100000.0
2013-07-30,100000.0,0.0,0.0,0.0,0,100000.0
2013-07-31,100000.0,0.0,0.0,0.0,0,100000.0
2013-08-01,100000.0,0.0,0.0,0.0,0,100000.0
2013-08-04,100000.0,0.0,0.0,0.0,0,100000.0
2013-08-05,100000.0,0.0,0.0,0.0,0,100000.0
2013-08-12,100000.0,0.0,0.0,0.0,0,100000.0
2013-08-13,100000.0,0.0,0.0,0.0,0,100000.0
2013-08-14,100000.0,0.0,0.0,0.0,0,100000.0
2013-08-18,100000.0,0.0,0.0,0.0,0,100000.0
2013-08-19,100000.0,0.0,0.0,0.0,0,100000.0
2013-08-20,100000.0,0.0,0.0,0.0,0,100000.0
2013-08-21,100000.0,0.0,0.0,0.0,0,100000.0
2013-08-22,100000.0,0.0,0.0,0.0,0,100000.0
2013-08-25,100000.0,0.0,0.0,0.0,0,100000.0
2013-08-26,100000.0,0.0,0.0,0.0,0,100000.0
2013-08-27,100000.0,0.0,0.0,0.0,0,100000.0
2013-08-29,100000.0,0.0,0.0,0.0,0,100000.0
2013-09-01,100000.0,0.0,0.0,0.0,0,100000.0
2013-09-02,100000.0,0.0,0.0,0.0,0,100000.0
2013-09-03,100000.0,0.0,0.0,0.0,0,100000.0
2013-09-04,100000.0,0.0,0.0,0.0,0,100000.0
2013-09-05,100000.0,0.0,0.0,0.0,0,100000.0
2013-09-08,100000.0,0.0,0.0,0.0,0,100000.0
2013-09-09,100000.0,0.0,0.0,0.0,0,100000.0
2013-09-10,100000.0,0.0,0.0,0.0,0,100000.0
2013-09-11,100000.0,0.0,0.0,0.0,0,100000.0
2013-09-12,100000.0,0.0,0.0,0.0,0,100000.0
2013-09-15,100000.0,0.0,0.0,0.0,0,100000.0
2013-09-16,100000.0,0.0,0.0,0.0,0,100000.0
2013-09-17,100000.0,0.0,0.0,0.0,0,100000.0
2013-09-18,100000.0,0.0,0.0,0.0,0,100000.0
2013-09-19,100000.0,0.0,0.0,0.0,0,100000.0
2013-09-22,100000.0,0.0,0.0,0.0,0,100000.0
2013-09-23,100000.0,0.0,0.0,0.0,0,100000.0
2013-09-24,100000.0,0.0,0.0,0.0,0,100000.0
2013-09-25,100000.0,0.0,0.0,0.0,0,100000.0
2013-09-26,100000.0,0.0,0.0,0.0,0,100000.0
2013-09-29,100000.0,0.0,0.0,0.0,0,100000.0
2013-09-30,100000.0,0.0,0.0,0.0,0,100000.0
2013-10-01,100000.0,0.0,0.0,0.0,0,100000.0
2013-10-02,100000.0,0.0,0.0,0.0,0,100000.0
2013-10-03,100000.0,0.0,0.0,0.0,0,100000.0
2013-10-06,100000.0,0.0,0.0,0.0,0,100000.0
2013-10-07,100000.0,0.0,0.0,0.0,0,100000.0
2013-10-08,100000.0,0.0,0.0,0.0,0,100000.0
2013-10-09,100000.0,0.0,0.0,0.0,0,100000.0
2013-10-10,100000.0,0.0,0.0,0.0,0,100000.0
2013-10-20,100000.0,0.0,0.0,0.0,0,100000.0
2013-10-21,100000.0,0.0,0.0,0.0,0,100000.0
2013-10-22,100000.0,0.0,0.0,0.0,0,100000.0
2013-10-23,100000.0,0.0,0.0,0.0,0,100000.0
2013-10-24,100000.0,0.0,0.0,0.0,0,100000.0
2013-10-27,100000.0,0.0,0.0,0.0,0,100000.0
2013-10-28,100000.0,0.0,0.0,0.0,0,100000.0
2013-10-29,100000.0,0.0,0.0,0.0,0,100000.0
2013-10-30,100000.0,0.0,0.0,0.0,0,100000.0
2013-10-31,100000.0,0.0,0.0,0.0,0,100000.0
2013-11-03,100000.0,0.0,0.0,0.0,0,100000.0
2013-11-04,100000.0,0.0,0.0,0.0,0,100000.0
2013-11-05,100000.0,0.0,0.0,0.0,0,100000.0
2013-11-06,100000.0,0.0,0.0,0.0,0,100000.0
2013-11-07,100000.0,0.0,0.0,0.0,0,100000.0
2013-11-10,100000.0,0.0,0.0,0.0,0,100000.0
2013-11-11,100000.0,0.0,0.0,0.0,0,100000.0
2013-11-12,100000.0,0.0,0.0,0.0,0,100000.0
2013-11-13,100000.0,0.0,0.0,0.0,0,100000.0
2013-11-14,100000.0,0.0,0.0,0.0,0,100000.0
2013-11-17,100000.0,0.0,0.0,0.0,0,100000.0
2013-11-18,100000.0,0.0,0.0,0.0,0,100000.0
2013-11-19,100000.0,0.0,0.0,0.0,0,100000.0
2013-11-20,100000.0,0.0,0.0,0.0,0,100000.0
2013-11-21,100000.0,0.0,0.0,0.0,0,100000.0
2013-11-24,100000.0,0.0,0.0,0.0,0,100000.0
2013-11-25,100000.0,0.0,0.0,0.0,0,100000.0
2013-11-26,100000.0,0.0,0.0,0.0,0,100000.0
2013-11-27,100000.0,0.0,0.0,0.0,0,100000.0
2013-11-28,100000.0,0.0,0.0,0.0,0,100000.0
2013-12-01,100000.0,0.0,0.0,0.0,0,100000.0
2013-12-02,100000.0,0.0,0.0,0.0,0,100000.0
2013-12-03,100000.0,0.0,0.0,0.0,0,100000.0
2013-12-04,100000.0,0.0,0.0,0.0,0,100000.0
2013-12-05,100000.0,0.0,0.0,0.0,0,100000.0
2013-12-08,100000.0,0.0,0.0,0.0,0,100000.0
2013-12-09,100000.0,0.0,0.0,0.0,0,100000.0
2013-12-10,100000.0,0.0,0.0,0.0,0,100000.0
2013-12-11,100000.0,0.0,0.0,0.0,0,100000.0
2013-12-12,100000.0,0.0,0.0,0.0,0,100000.0
2013-12-15,100000.0,0.0,0.0,0.0,0,100000.0
2013-12-17,100000.0,0.0,0.0,0.0,0,100000.0
2013-12-18,100000.0,0.0,0.0,0.0,0,100000.0
2013-12-19,100000.0,0.0,0.0,0.0,0,100000.0
2013-12-22,100000.0,0.0,0.0,0.0,0,100000.0
2013-12-23,100000.0,0.0,0.0,100000.0,0,100000.0
2013-12-24,100000.0,0.0,0.0,0.0,0,100000.0
2013-12-26,100000.0,0.0,0.0,0.0,0,100000.0
2013-12-29,100000.0,0.0,0.0,0.0,0,100000.0
2013-12-30,100000.0,0.0,0.0,0.0,0,100000.0
2014-01-01,100000.0,0.0,0.0,0.0,0,100000.0
2014-01-02,100000.0,0.0,0.0,0.0,0,100000.0
2014-01-06,100000.0,0.0,0.0,0.0,0,100000.0
2014-01-07,100000.0,0.0,0.0,0.0,0,100000.0
2014-01-08,100000.0,0.0,0.0,0.0,0,100000.0
2014-01-09,100000.0,0.0,0.0,0.0,0,100000.0
2014-01-12,100000.0,0.0,0.0,0.0,0,100000.0
2014-01-13,100000.0,0.0,0.0,0.0,0,100000.0
2014-01-15,100000.0,0.0,0.0,0.0,0,100000.0
2014-01-16,100000.0,0.0,0.0,0.0,0,100000.0
2014-01-19,100000.0,0.0,0.0,0.0,0,100000.0
2014-01-20,100000.0,0.0,0.0,0.0,0,100000.0
2014-01-21,100000.0,0.0,0.0,0.0,0,100000.0
2014-01-22,100000.0,0.0,0.0,0.0,0,100000.0
2014-01-23,100000.0,0.0,0.0,0.0,0,100000.0
2014-01-26,100000.0,0.0,0.0,0.0,0,100000.0
2014-01-27,100000.0,0.0,0.0,0.0,0,100000.0
2014-01-28,100000.0,0.0,0.0,0.0,0,100000.0
2014-01-29,100000.0,0.0,0.0,0.0,0,100000.0
2014-01-30,100000.0,0.0,0.0,0.0,0,100000.0
2014-02-02,100000.0,0.0,0.0,0.0,0,100000.0
2014-02-03,100000.0,0.0,0.0,0.0,0,100000.0
2014-02-04,100000.0,0.0,0.0,0.0,0,100000.0
2014-02-05,100000.0,0.0,0.0,0.0,0,100000.0
2014-02-06,100000.0,0.0,0.0,0.0,0,100000.0
2014-02-09,100000.0,0.0,0.0,0.0,0,100000.0
2014-02-10,100000.0,0.0,0.0,0.0,0,100000.0
2014-02-11,100000.0,0.0,0.0,0.0,0,100000.0
2014-02-12,100000.0,0.0,0.0,0.0,0,100000.0
2014-02-13,100000.0,0.0,0.0,0.0,0,100000.0
2014-02-16,100000.0,0.0,0.0,0.0,0,100000.0
2014-02-17,100000.0,0.0,0.0,0.0,0,100000.0
2014-02-18,100000.0,0.0,0.0,0.0,0,100000.0
2014-02-19,100000.0,0.0,0.0,0.0,0,100000.0
2014-02-20,100000.0,0.0,0.0,0.0,0,100000.0
2014-02-23,100000.0,0.0,0.0,0.0,0,100000.0
2014-02-24,100000.0,0.0,0.0,0.0,0,100000.0
2014-02-25,100000.0,0.0,0.0,0.0,0,100000.0
2014-02-26,100000.0,0.0,0.0,0.0,0,100000.0
2014-02-27,100000.0,0.0,0.0,0.0,0,100000.0
2014-03-02,100000.0,0.0,0.0,0.0,0,100000.0
2014-03-03,100000.0,0.0,0.0,0.0,0,100000.0
2014-03-04,100000.0,0.0,0.0,0.0,0,100000.0
2014-03-05,100000.0,0.0,0.0,0.0,0,100000.0
2014-03-06,100000.0,0.0,0.0,0.0,0,100000.0
2014-03-09,100000.0,0.0,0.0,0.0,0,100000.0
2014-03-10,100000.0,0.0,0.0,0.0,0,100000.0
2014-03-11,100000.0,0.0,0.0,0.0,0,100000.0
2014-03-12,100000.0,0.0,0.0,0.0,0,100000.0
2014-03-13,100000.0,0.0,0.0,0.0,0,100000.0
2014-03-16,100000.0,0.0,0.0,0.0,0,100000.0
2014-03-18,100000.0,0.0,0.0,0.0,0,100000.0
2014-03-19,100000.0,0.0,0.0,0.0,0,100000.0
2014-03-20,100000.0,0.0,0.0,0.0,0,100000.0
2014-03-23,100000.0,0.0,0.0,0.0,0,100000.0
2014-03-24,100000.0,0.0,0.0,0.0,0,100000.0
2014-03-25,100000.0,0.0,0.0,0.0,0,100000.0
2014-03-27,100000.0,0.0,0.0,0.0,0,100000.0
2014-03-30,100000.0,0.0,0.0,0.0,0,100000.0
2014-03-31,100000.0,0.0,0.0,0.0,0,100000.0
2014-04-01,100000.0,0.0,0.0,0.0,0,100000.0
2014-04-02,100000.0,0.0,0.0,0.0,0,100000.0
2014-04-03,100000.0,0.0,0.0,0.0,0,100000.0
2014-04-06,100000.0,0.0,0.0,0.0,0,100000.0
2014-04-07,100000.0,0.0,0.0,0.0,0,100000.0
2014-04-08,100000.0,0.0,0.0,0.0,0,100000.0
2014-04-09,100000.0,0.0,0.0,0.0,0,100000.0
2014-04-10,100000.0,0.0,0.0,0.0,0,100000.0
2014-04-13,100000.0,0.0,0.0,0.0,0,100000.0
2014-04-15,100000.0,0.0,0.0,0.0,0,100000.0
2014-04-16,100000.0,0.0,0.0,0.0,0,100000.0
2014-04-17,100000.0,0.0,0.0,0.0,0,100000.0
2014-04-20,100000.0,0.0,0.0,0.0,0,100000.0
2014-04-21,100000.0,0.0,0.0,0.0,0,100000.0
2014-04-22,100000.0,0.0,0.0,0.0,0,100000.0
2014-04-23,100000.0,0.0,0.0,0.0,0,100000.0
2014-04-24,100000.0,0.0,0.0,0.0,0,100000.0
2014-04-27,100000.0,0.0,0.0,0.0,0,100000.0
2014-04-28,100000.0,0.0,0.0,0.0,0,100000.0
2014-04-29,100000.0,0.0,0.0,0.0,0,100000.0
2014-04-30,100000.0,0.0,0.0,0.0,0,100000.0
2014-05-04,100000.0,0.0,0.0,0.0,0,100000.0
2014-05-04,100000.0,0.0,0.0,0.0,0,100000.0
2014-05-05,100000.0,0.0,0.0,0.0,0,100000.0
2014-05-06,100000.0,0.0,0.0,0.0,0,100000.0
2014-05-07,100000.0,0.0,0.0,0.0,0,100000.0
2014-05-08,100000.0,0.0,0.0,0.0,0,100000.0
2014-05-11,100000.0,0.0,0.0,0.0,0,100000.0
2014-05-12,100000.0,0.0,0.0,0.0,0,100000.0
2014-05-14,100000.0,0.0,0.0,0.0,0,100000.0
2014-05-15,100000.0,0.0,0.0,0.0,0,100000.0
2014-05-18,100000.0,0.0,0.0,0.0,0,100000.0
2014-05-19,100000.0,0.0,0.0,0.0,0,100000.0
2014-05-20,100000.0,0.0,0.0,0.0,0,100000.0
2014-05-21,100000.0,0.0,0.0,0.0,0,100000.0
2014-05-22,100000.0,0.0,0.0,0.0,0,100000.0
2014-05-25,100000.0,0.0,0.0,0.0,0,100000.0
2014-05-26,100000.0,0.0,0.0,0.0,0,100000.0
2014-05-27,100000.0,0.0,0.0,0.0,0,100000.0
2014-05-28,100000.0,0.0,0.0,0.0,0,100000.0
2014-05-29,100000.0,0.0,0.0,0.0,0,100000.0
2014-06-01,100000.0,0.0,0.0,0.0,0,100000.0
2014-06-02,100000.0,0.0,0.0,0.0,0,100000.0
2014-06-03,100000.0,0.0,0.0,0.0,0,100000.0
2014-06-04,100000.0,0.0,0.0,0.0,0,100000.0
2014-06-05,100000.0,0.0,0.0,0.0,0,100000.0
2014-06-08,100000.0,0.0,0.0,0.0,0,100000.0
2014-06-09,100000.0,0.0,0.0,0.0,0,100000.0
2014-06-10,100000.0,0.0,0.0,0.0,0,100000.0
2014-06-11,100000.0,0.0,0.0,0.0,0,100000.0
2014-06-12,100000.0,0.0,0.0,0.0,0,100000.0
2014-06-15,100000.0,0.0,0.0,0.0,0,100000.0
2014-06-16,100000.0,0.0,0.0,0.0,0,100000.0
2014-06-17,100000.0,0.0,0.0,0.0,0,100000.0
2014-06-18,100000.0,0.0,0.0,0.0,0,100000.0
2014-06-19,100000.0,0.0,0.0,0.0,0,100000.0
2014-06-22,100000.0,0.0,0.0,0.0,0,100000.0
2014-06-23,100000.0,0.0,0.0,0.0,0,100000.0
2014-06-24,100000.0,0.0,0.0,0.0,0,100000.0
2014-06-25,100000.0,0.0,0.0,0.0,0,100000.0
2014-06-26,100000.0,0.0,0.0,0.0,0,100000.0
2014-06-29,100000.0,0.0,0.0,0.0,0,100000.0
2014-06-30,100000.0,0.0,0.0,0.0,0,100000.0
2014-07-02,100000.0,0.0,0.0,0.0,0,100000.0
2014-07-03,100000.0,0.0,0.0,0.0,0,100000.0
2014-07-06,100000.0,0.0,0.0,0.0,0,100000.0
2014-07-07,100000.0,0.0,0.0,0.0,0,100000.0
2014-07-08,100000.0,0.0,0.0,0.0,0,100000.0
2014-07-09,100000.0,0.0,0.0,0.0,0,100000.0
2014-07-10,100000.0,0.0,0.0,0.0,0,100000.0
2014-07-13,100000.0,0.0,0.0,0.0,0,100000.0
2014-07-14,100000.0,0.0,0.0,0.0,0,100000.0
2014-07-15,100000.0,0.0,0.0,0.0,0,100000.0
2014-07-16,100000.0,0.0,0.0,0.0,0,100000.0
2014-07-17,100000.0,0.0,0.0,0.0,0,100000.0
2014-07-20,100000.0,0.0,0.0,0.0,0,100000.0
2014-07-21,100000.0,0.0,0.0,0.0,0,100000.0
2014-07-22,100000.0,0.0,0.0,0.0,0,100000.0
2014-07-23,100000.0,0.0,0.0,0.0,0,100000.0
2014-07-24,100000.0,0.0,0.0,0.0,0,100000.0
2014-08-03,100000.0,0.0,0.0,0.0,0,100000.0
2014-08-04,100000.0,0.0,0.0,0.0,0,100000.0
2014-08-05,100000.0,0.0,0.0,0.0,0,100000.0
2014-08-06,100000.0,0.0,0.0,0.0,0,100000.0
2014-08-07,100000.0,0.0,0.0,0.0,0,100000.0
2014-08-10,100000.0,0.0,0.0,0.0,0,100000.0
2014-08-11,100000.0,0.0,0.0,0.0,0,100000.0
2014-08-12,100000.0,0.0,0.0,0.0,0,100000.0
2014-08-13,100000.0,0.0,0.0,0.0,0,100000.0
2014-08-14,100000.0,0.0,0.0,0.0,0,100000.0
2014-08-18,100000.0,0.0,0.0,0.0,0,100000.0
2014-08-19,100000.0,0.0,0.0,0.0,0,100000.0
2014-08-20,100000.0,0.0,0.0,0.0,0,100000.0
2014-08-21,100000.0,0.0,0.0,0.0,0,100000.0
2014-08-24,100000.0,0.0,0.0,0.0,0,100000.0
2014-08-25,100000.0,0.0,0.0,0.0,0,100000.0
2014-08-26,100000.0,0.0,0.0,0.0,0,100000.0
2014-08-27,100000.0,0.0,0.0,0.0,0,100000.0
2014-08-28,100000.0,0.0,0.0,0.0,0,100000.0
2014-08-31,100000.0,0.0,0.0,0.0,0,100000.0
2014-09-01,100000.0,0.0,0.0,0.0,0,100000.0
2014-09-02,100000.0,0.0,0.0,0.0,0,100000.0
2014-09-03,100000.0,0.0,0.0,0.0,0,100000.0
2014-09-04,100000.0,0.0,0.0,0.0,0,100000.0
2014-09-07,100000.0,0.0,0.0,0.0,0,100000.0
2014-09-08,100000.0,0.0,0.0,0.0,0,100000.0
2014-09-09,100000.0,0.0,0.0,0.0,0,100000.0
2014-09-10,100000.0,0.0,0.0,0.0,0,100000.0
2014-09-11,100000.0,0.0,0.0,0.0,0,100000.0
2014-09-14,100000.0,0.0,0.0,0.0,0,100000.0
2014-09-15,100000.0,0.0,0.0,0.0,0,100000.0
2014-09-16,100000.0,0.0,0.0,0.0,0,100000.0
2014-09-17,100000.0,0.0,0.0,0.0,0,100000.0
2014-09-18,100000.0,0.0,0.0,0.0,0,100000.0
2014-09-21,100000.0,0.0,0.0,0.0,0,100000.0
2014-09-22,100000.0,0.0,0.0,0.0,0,100000.0
2014-09-23,100000.0,0.0,0.0,0.0,0,100000.0
2014-09-24,100000.0,0.0,0.0,0.0,0,100000.0
2014-09-25,100000.0,0.0,0.0,0.0,0,100000.0
2014-09-28,100000.0,0.0,0.0,0.0,0,100000.0
2014-09-29,100000.0,0.0,0.0,0.0,0,100000.0
2014-09-30,100000.0,0.0,0.0,0.0,0,100000.0
2014-10-01,100000.0,0.0,0.0,0.0,0,100000.0
2014-10-02,100000.0,0.0,0.0,0.0,0,100000.0
2014-10-12,100000.0,0.0,0.0,0.0,0,100000.0
2014-10-13,100000.0,0.0,0.0,0.0,0,100000.0
2014-10-14,100000.0,0.0,0.0,0.0,0,100000.0
2014-10-15,100000.0,0.0,0.0,0.0,0,100000.0
2014-10-16,100000.0,0.0,0.0,0.0,0,100000.0
2014-10-19,100000.0,0.0,0.0,0.0,0,100000.0
2014-10-20,100000.0,0.0,0.0,0.0,0,100000.0
2014-10-21,100000.0,0.0,0.0,0.0,0,100000.0
2014-10-22,100000.0,0.0,0.0,0.0,0,100000.0
2014-10-23,100000.0,0.0,0.0,0.0,0,100000.0
2014-10-26,100000.0,0.0,0.0,0.0,0,100000.0
2014-10-27,100000.0,0.0,0.0,0.0,0,100000.0
2014-10-28,100000.0,0.0,0.0,0.0,0,100000.0
2014-10-29,100000.0,0.0,0.0,0.0,0,100000.0
2014-10-30,100000.0,0.0,0.0,0.0,0,100000.0
2014-11-02,100000.0,0.0,0.0,0.0,0,100000.0
2014-11-03,100000.0,0.0,0.0,0.0,0,100000.0
2014-11-05,100000.0,0.0,0.0,0.0,0,100000.0
2014-11-06,100000.0,0.0,0.0,0.0,0,100000.0
2014-11-09,100000.0,0.0,0.0,0.0,0,100000.0
2014-11-10,100000.0,0.0,0.0,0.0,0,100000.0
2014-11-11,100000.0,0.0,0.0,0.0,0,100000.0
2014-11-12,100000.0,0.0,0.0,0.0,0,100000.0
2014-11-13,100000.0,0.0,0.0,0.0,0,100000.0
2014-11-16,100000.0,0.0,0.0,0.0,0,100000.0
2014-11-17,100000.0,0.0,0.0,0.0,0,100000.0
2014-11-18,100000.0,0.0,0.0,0.0,0,100000.0
2014-11-19,100000.0,0.0,0.0,0.0,0,100000.0
2014-11-20,100000.0,0.0,0.0,0.0,0,100000.0
2014-11-23,100000.0,0.0,0.0,0.0,0,100000.0
2014-11-24,100000.0,0.0,0.0,0.0,0,100000.0
2014-11-25,100000.0,0.0,0.0,0.0,0,100000.0
2014-11-26,100000.0,0.0,0.0,0.0,0,100000.0
2014-11-27,100000.0,0.0,0.0,0.0,0,100000.0
2014-11-30,100000.0,0.0,0.0,0.0,0,100000.0
2014-12-01,100000.0,0.0,0.0,0.0,0,100000.0
2014-12-02,100000.0,0.0,0.0,0.0,0,100000.0
2014-12-03,100000.0,0.0,0.0,0.0,0,100000.0
2014-12-04,100000.0,0.0,0.0,0.0,0,100000.0
2014-12-07,100000.0,0.0,0.0,0.0,0,100000.0
2014-12-08,100000.0,0.0,0.0,0.0,0,100000.0
2014-12-09,100000.0,0.0,0.0,0.0,0,100000.0
2014-12-10,100000.0,0.0,0.0,0.0,0,100000.0
2014-12-11,0.0,0.0,0.0,0.0,0,100000.0
2014-12-14,0.0,0.0,0.0,0.0,0,100000.0
2014-12-15,0.0,0.0,0.0,0.0,0,100000.0
2014-12-17,0.0,0.0,0.0,0.0,0,100000.0
2014-12-18,0.0,0.0,0.0,0.0,0,100000.0
2014-12-21,0.0,0.0,0.0,0.0,0,100000.0
2014-12-22,0.0,0.0,0.0,0.0,0,100000.0
2014-12-23,0.0,0.0,0.0,0.0,0,100000.0
2014-12-24,0.0,0.0,0.0,0.0,0,100000.0
2014-12-28,0.0,0.0,0.0,0.0,0,100000.0
2014-12-29,0.0,0.0,0.0,0.0,0,100000.0
2014-12-30,0.0,0.0,0.0,0.0,0,100000.0
2015-01-01,0.0,0.0,0.0,0.0,0,100000.0
2015-01-05,0.0,0.0,0.0,0.0,0,100000.0
2015-01-06,0.0,0.0,0.0,0.0,0,100000.0
2015-01-07,0.0,0.0,0.0,0.0,0,100000.0
2015-01-08,0.0,0.0,0.0,0.0,0,100000.0
2015-01-11,0.0,0.0,0.0,0.0,0,100000.0
2015-01-12,0.0,0.0,0.0,0.0,0,100000.0
2015-01-13,0.0,0.0,0.0,0.0,0,100000.0
2015-01-14,0.0,0.0,0.0,0.0,0,100000.0
2015-01-15,0.0,0.0,0.0,0.0,0,100000.0
2015-01-18,0.0,0.0,0.0,0.0,0,100000.0
2015-01-19,0.0,0.0,0.0,0.0,0,100000.0
2015-01-20,0.0,0.0,0.0,0.0,0,100000.0
2015-01-21,0.0,0.0,0.0,0.0,0,100000.0
2015-01-22,0.0,0.0,0.0,0.0,0,100000.0
2015-01-25,0.0,0.0,0.0,0.0,0,100000.0
2015-01-26,0.0,0.0,0.0,0.0,0,100000.0
2015-01-27,0.0,0.0,0.0,0.0,0,100000.0
2015-01-28,0.0,0.0,0.0,0.0,0,100000.0
2015-01-29,0.0,0.0,0.0,0.0,0,100000.0
2015-02-01,0.0,0.0,0.0,0.0,0,100000.0
2015-02-02,0.0,0.0,0.0,0.0,0,100000.0
2015-02-03,0.0,0.0,0.0,0.0,0,100000.0
2015-02-04,0.0,0.0,0.0,0.0,0,100000.0
2015-02-05,0.0,0.0,0.0,0.0,0,100000.0
2015-02-08,0.0,0.0,0.0,0.0,0,100000.0
2015-02-09,0.0,0.0,0.0,0.0,0,100000.0
2015-02-10,0.0,0.0,0.0,0.0,0,100000.0
2015-02-11,0.0,0.0,0.0,0.0,0,100000.0
2015-02-12,0.0,0.0,0.0,0.0,0,100000.0
2015-02-15,0.0,0.0,0.0,0.0,0,100000.0
2015-02-16,0.0,0.0,0.0,0.0,0,100000.0
2015-02-17,0.0,0.0,0.0,0.0,0,100000.0
2015-02-18,0.0,0.0,0.0,0.0,0,100000.0
2015-02-19,0.0,0.0,0.0,0.0,0,100000.0
2015-02-22,0.0,0.0,0.0,0.0,0,100000.0
2015-02-23,0.0,0.0,0.0,0.0,0,100000.0
2015-02-24,0.0,0.0,0.0,0.0,0,100000.0
2015-02-25,0.0,0.0,0.0,0.0,0,100000.0
2015-02-26,0.0,0.0,0.0,0.0,0,100000.0
2015-03-01,0.0,0.0,0.0,0.0,0,100000.0
2015-03-02,0.0,0.0,0.0,0.0,0,100000.0
2015-03-03,0.0,0.0,0.0,0.0,0,100000.0
2015-03-04,0.0,0.0,0.0,0.0,0,100000.0
2015-03-05,0.0,0.0,0.0,0.0,0,100000.0
2015-03-08,0.0,0.0,0.0,0.0,0,100000.0
2015-03-09,0.0,0.0,0.0,0.0,0,100000.0
2015-03-10,0.0,0.0,0.0,0.0,0,100000.0
2015-03-11,0.0,0.0,0.0,0.0,0,100000.0
2015-03-12,0.0,0.0,0.0,0.0,0,100000.0
2015-03-15,0.0,0.0,0.0,0.0,0,100000.0
2015-03-16,0.0,0.0,0.0,0.0,0,100000.0
2015-03-18,0.0,0.0,0.0,0.0,0,100000.0
2015-03-19,0.0,0.0,0.0,0.0,0,100000.0
2015-03-22,0.0,0.0,0.0,0.0,0,100000.0
2015-03-23,0.0,0.0,0.0,0.0,0,100000.0
2015-03-24,0.0,0.0,0.0,0.0,0,100000.0
2015-03-25,0.0,0.0,0.0,0.0,0,100000.0
2015-03-29,0.0,0.0,0.0,0.0,0,100000.0
2015-03-30,0.0,0.0,0.0,0.0,0,100000.0
2015-03-31,0.0,0.0,0.0,0.0,0,100000.0
2015-04-01,0.0,0.0,0.0,0.0,0,100000.0
2015-04-02,0.0,0.0,0.0,0.0,0,100000.0
2015-04-05,0.0,0.0,0.0,0.0,0,100000.0
2015-04-06,0.0,0.0,0.0,0.0,0,100000.0
2015-04-07,0.0,0.0,0.0,0.0,0,100000.0
2015-04-08,0.0,0.0,0.0,0.0,0,100000.0
2015-04-09,0.0,0.0,0.0,0.0,0,100000.0
2015-04-12,0.0,0.0,0.0,0.0,0,100000.0
2015-04-13,0.0,0.0,0.0,0.0,0,100000.0
2015-04-15,0.0,0.0,0.0,0.0,0,100000.0
2015-04-16,0.0,0.0,0.0,0.0,0,100000.0
2015-04-19,0.0,0.0,0.0,0.0,0,100000.0
2015-04-20,0.0,0.0,0.0,0.0,0,100000.0
2015-04-21,0.0,0.0,0.0,0.0,0,100000.0
2015-04-22,0.0,0.0,0.0,0.0,0,100000.0
2015-04-23,0.0,0.0,0.0,0.0,0,100000.0
2015-04-26,0.0,0.0,0.0,0.0,0,100000.0
2015-04-27,0.0,0.0,0.0,0.0,0,100000.0
2015-04-29,0.0,0.0,0.0,0.0,0,100000.0
2015-04-30,0.0,0.0,0.0,0.0,0,100000.0
2015-05-04,0.0,0.0,0.0,0.0,0,100000.0
2015-05-05,0.0,0.0,0.0,0.0,0,100000.0
2015-05-06,0.0,0.0,0.0,0.0,0,100000.0
2015-05-07,0.0,0.0,0.0,0.0,0,100000.0
2015-05-10,0.0,0.0,0.0,0.0,0,100000.0
2015-05-11,0.0,0.0,0.0,0.0,0,100000.0
2015-05-12,0.0,0.0,0.0,0.0,0,100000.0
2015-05-13,0.0,0.0,0.0,0.0,0,100000.0
2015-05-14,0.0,0.0,0.0,0.0,0,100000.0
2015-05-17,0.0,0.0,0.0,0.0,0,100000.0
2015-05-18,0.0,0.0,0.0,0.0,0,100000.0
2015-05-19,0.0,0.0,0.0,0.0,0,100000.0
2015-05-20,0.0,0.0,0.0,0.0,0,100000.0
2015-05-21,0.0,0.0,0.0,0.0,0,100000.0
2015-05-24,0.0,0.0,0.0,0.0,0,100000.0
2015-05-25,0.0,0.0,0.0,0.0,0,100000.0
2015-05-26,0.0,0.0,0.0,0.0,0,100000.0
2015-05-27,0.0,0.0,0.0,0.0,0,100000.0
2015-05-28,0.0,0.0,0.0,0.0,0,100000.0
2015-05-31,0.0,0.0,0.0,0.0,0,100000.0
2015-06-01,0.0,0.0,0.0,0.0,0,100000.0
2015-06-02,0.0,0.0,0.0,0.0,0,100000.0
2015-06-04,0.0,0.0,0.0,0.0,0,100000.0
2015-06-07,0.0,0.0,0.0,0.0,0,100000.0
2015-06-08,0.0,0.0,0.0,0.0,0,100000.0
2015-06-09,0.0,0.0,0.0,0.0,0,100000.0
2015-06-10,0.0,0.0,0.0,0.0,0,100000.0
2015-06-11,0.0,0.0,0.0,0.0,0,100000.0
2015-06-14,0.0,0.0,0.0,0.0,0,100000.0
2015-06-15,0.0,0.0,0.0,0.0,0,100000.0
2015-06-16,0.0,0.0,0.0,0.0,0,100000.0
2015-06-17,0.0,0.0,0.0,0.0,0,100000.0
2015-06-18,0.0,0.0,0.0,0.0,0,100000.0
2015-06-21,0.0,0.0,0.0,0.0,0,100000.0
2015-06-22,0.0,0.0,0.0,0.0,0,100000.0
2015-06-23,0.0,0.0,0.0,0.0,0,100000.0
2015-06-24,0.0,0.0,0.0,0.0,0,100000.0
2015-06-25,0.0,0.0,0.0,0.0,0,100000.0
2015-06-28,0.0,0.0,0.0,0.0,0,100000.0
2015-06-29,0.0,0.0,0.0,0.0,0,100000.0
2015-06-30,0.0,0.0,0.0,0.0,0,100000.0
2015-07-02,0.0,0.0,0.0,0.0,0,100000.0
2015-07-05,0.0,0.0,0.0,0.0,0,100000.0
2015-07-06,0.0,0.0,0.0,0.0,0,100000.0
2015-07-07,0.0,0.0,0.0,0.0,0,100000.0
2015-07-08,0.0,0.0,0.0,0.0,0,100000.0
2015-07-09,0.0,0.0,0.0,0.0,0,100000.0
2015-07-12,0.0,0.0,0.0,0.0,0,100000.0
2015-07-13,0.0,0.0,0.0,0.0,0,100000.0
2015-07-14,0.0,0.0,0.0,0.0,0,100000.0
2015-07-21,0.0,0.0,0.0,0.0,0,100000.0
2015-07-22,0.0,0.0,0.0,0.0,0,100000.0
2015-07-23,0.0,0.0,0.0,0.0,0,100000.0
2015-07-26,0.0,0.0,0.0,0.0,0,100000.0
2015-07-27,0.0,0.0,0.0,0.0,0,100000.0
2015-07-28,0.0,0.0,0.0,0.0,0,100000.0
2015-07-29,0.0,0.0,0.0,0.0,0,100000.0
2015-07-30,0.0,0.0,0.0,0.0,0,100000.0
2015-08-02,0.0,0.0,0.0,0.0,0,100000.0
2015-08-03,0.0,0.0,0.0,0.0,0,100000.0
2015-08-04,0.0,0.0,0.0,0.0,0,100000.0
2015-08-05,0.0,0.0,0.0,0.0,0,100000.0
2015-08-06,0.0,0.0,0.0,0.0,0,100000.0
2015-08-09,0.0,0.0,0.0,0.0,0,100000.0
2015-08-10,0.0,0.0,0.0,0.0,0,100000.0
2015-08-11,0.0,0.0,0.0,0.0,0,100000.0
2015-08-12,0.0,0.0,0.0,0.0,0,100000.0
2015-08-13,0.0,0.0,0.0,0.0,0,100000.0
2015-08-16,0.0,0.0,0.0,0.0,0,100000.0
2015-08-17,0.0,0.0,0.0,0.0,0,100000.0
2015-08-18,0.0,0.0,0.0,0.0,0,100000.0
2015-08-19,0.0,0.0,0.0,0.0,0,100000.0
2015-08-20,0.0,0.0,0.0,0.0,0,100000.0
2015-08-23,0.0,0.0,0.0,0.0,0,100000.0
2015-08-24,0.0,0.0,0.0,0.0,0,100000.0
2015-08-25,0.0,0.0,0.0,0.0,0,100000.0
2015-08-26,0.0,0.0,0.0,0.0,0,100000.0
2015-08-27,0.0,0.0,0.0,0.0,0,100000.0
2015-08-30,0.0,0.0,0.0,0.0,0,100000.0
2015-08-31,0.0,0.0,0.0,0.0,0,100000.0
2015-09-01,0.0,0.0,0.0,0.0,0,100000.0
2015-09-02,0.0,0.0,0.0,0.0,0,100000.0
2015-09-03,0.0,0.0,0.0,0.0,0,100000.0
2015-09-06,0.0,0.0,0.0,0.0,0,100000.0
2015-09-07,0.0,0.0,0.0,0.0,0,100000.0
2015-09-08,0.0,0.0,0.0,0.0,0,100000.0
2015-09-09,0.0,0.0,0.0,0.0,0,100000.0
2015-09-10,0.0,0.0,0.0,0.0,0,100000.0
2015-09-13,0.0,0.0,0.0,0.0,0,100000.0
2015-09-14,0.0,0.0,0.0,0.0,0,100000.0
2015-09-15,0.0,0.0,0.0,0.0,0,100000.0
2015-09-16,0.0,0.0,0.0,0.0,0,100000.0
2015-09-17,0.0,0.0,0.0,0.0,0,100000.0
2015-09-20,0.0,0.0,0.0,0.0,0,100000.0
2015-09-21,0.0,0.0,0.0,0.0,0,100000.0
2015-09-22,0.0,0.0,0.0,0.0,0,100000.0
2015-09-28,0.0,0.0,0.0,0.0,0,100000.0
2015-09-29,0.0,0.0,0.0,0.0,0,100000.0
2015-09-30,0.0,0.0,0.0,0.0,0,100000.0
2015-10-01,0.0,0.0,0.0,0.0,0,100000.0
2015-10-04,0.0,0.0,0.0,0.0,0,100000.0
2015-10-05,0.0,0.0,0.0,0.0,0,100000.0
2015-10-06,0.0,0.0,0.0,0.0,0,100000.0
2015-10-07,0.0,0.0,0.0,0.0,0,100000.0
2015-10-08,0.0,0.0,0.0,0.0,0,100000.0
2015-10-11,0.0,0.0,0.0,0.0,0,100000.0
2015-10-12,0.0,0.0,0.0,0.0,0,100000.0
2015-10-13,0.0,0.0,0.0,0.0,0,100000.0
2015-10-14,0.0,0.0,0.0,0.0,0,100000.0
2015-10-15,0.0,0.0,0.0,0.0,0,100000.0
2015-10-18,0.0,0.0,0.0,0.0,0,100000.0
2015-10-19,0.0,0.0,0.0,0.0,0,100000.0
2015-10-20,0.0,0.0,0.0,0.0,0,100000.0
2015-10-21,0.0,0.0,0.0,0.0,0,100000.0
2015-10-25,0.0,0.0,0.0,0.0,0,100000.0
2015-10-26,0.0,0.0,0.0,0.0,0,100000.0
2015-10-27,0.0,0.0,0.0,0.0,0,100000.0
2015-10-28,0.0,0.0,0.0,0.0,0,100000.0
2015-10-29,0.0,0.0,0.0,0.0,0,100000.0
2015-11-01,0.0,0.0,0.0,0.0,0,100000.0
2015-11-02,0.0,0.0,0.0,0.0,0,100000.0
2015-11-03,0.0,0.0,0.0,0.0,0,100000.0
2015-11-04,0.0,0.0,0.0,0.0,0,100000.0
2015-11-05,0.0,0.0,0.0,0.0,0,100000.0
2015-11-08,0.0,0.0,0.0,0.0,0,100000.0
2015-11-09,0.0,0.0,0.0,0.0,0,100000.0
2015-11-10,0.0,0.0,0.0,0.0,0,100000.0
2015-11-11,0.0,0.0,0.0,0.0,0,100000.0
2015-11-12,0.0,0.0,0.0,0.0,0,100000.0
2015-11-15,0.0,0.0,0.0,0.0,0,100000.0
2015-11-16,0.0,0.0,0.0,0.0,0,100000.0
2015-11-17,0.0,0.0,0.0,0.0,0,100000.0
2015-11-18,0.0,0.0,0.0,0.0,0,100000.0
2015-11-19,0.0,0.0,0.0,0.0,0,100000.0
2015-11-22,0.0,0.0,0.0,0.0,0,100000.0
2015-11-23,0.0,0.0,0.0,0.0,0,100000.0
2015-11-24,0.0,0.0,0.0,0.0,0,100000.0
2015-11-25,0.0,0.0,0.0,0.0,0,100000.0
2015-11-26,0.0,0.0,0.0,0.0,0,100000.0
2015-11-29,0.0,0.0,0.0,0.0,0,100000.0
2015-11-30,0.0,0.0,0.0,0.0,0,100000.0
2015-12-01,0.0,0.0,0.0,0.0,0,100000.0
2015-12-02,0.0,0.0,0.0,0.0,0,100000.0
2015-12-03,0.0,0.0,0.0,0.0,0,100000.0
2015-12-06,0.0,0.0,0.0,0.0,0,100000.0
2015-12-07,0.0,0.0,0.0,0.0,0,100000.0
2015-12-08,0.0,0.0,0.0,0.0,0,100000.0
2015-12-09,0.0,0.0,0.0,0.0,0,100000.0
2015-12-10,0.0,0.0,0.0,0.0,0,100000.0
2015-12-13,0.0,0.0,0.0,0.0,0,100000.0
2015-12-14,0.0,0.0,0.0,0.0,0,100000.0
2015-12-15,0.0,0.0,0.0,0.0,0,100000.0
2015-12-17,0.0,0.0,0.0,0.0,0,100000.0
2015-12-20,0.0,0.0,0.0,0.0,0,100000.0
2015-12-21,0.0,0.0,0.0,0.0,0,100000.0
2015-12-22,0.0,0.0,0.0,0.0,0,100000.0
2015-12-23,0.0,0.0,0.0,0.0,0,100000.0
2015-12-24,0.0,0.0,0.0,0.0,0,100000.0
2015-12-27,0.0,0.0,0.0,0.0,0,100000.0
2015-12-28,0.0,0.0,0.0,0.0,0,100000.0
2015-12-29,0.0,0.0,0.0,0.0,0,100000.0
2015-12-30,0.0,0.0,0.0,0.0,0,100000.0
2015-12-31,0.0,0.0,0.0,0.0,0,100000.0
2016-01-03,0.0,0.0,0.0,0.0,0,100000.0
2016-01-04,0.0,0.0,0.0,0.0,0,100000.0
2016-01-05,0.0,0.0,0.0,0.0,0,100000.0
2016-01-06,0.0,0.0,0.0,0.0,0,100000.0
2016-01-07,0.0,0.0,0.0,0.0,0,100000.0
2016-01-10,0.0,0.0,0.0,0.0,0,100000.0
2016-01-11,0.0,0.0,0.0,0.0,0,100000.0
2016-01-12,0.0,0.0,0.0,0.0,0,100000.0
2016-01-13,0.0,0.0,0.0,0.0,0,100000.0
2016-01-14,0.0,0.0,0.0,0.0,0,100000.0
2016-01-17,0.0,0.0,0.0,0.0,0,100000.0
2016-01-18,0.0,0.0,0.0,0.0,0,100000.0
2016-01-19,0.0,0.0,0.0,0.0,0,100000.0
2016-01-20,0.0,0.0,0.0,0.0,0,100000.0
2016-01-21,0.0,0.0,0.0,0.0,0,100000.0
2016-01-24,0.0,0.0,0.0,0.0,0,100000.0
2016-01-25,0.0,0.0,0.0,0.0,0,100000.0
2016-01-26,0.0,0.0,0.0,0.0,0,100000.0
2016-01-27,0.0,0.0,0.0,0.0,0,100000.0
2016-01-28,0.0,0.0,0.0,0.0,0,100000.0
2016-01-31,0.0,0.0,0.0,0.0,0,100000.0
2016-02-01,0.0,0.0,0.0,0.0,0,100000.0
2016-02-02,0.0,0.0,0.0,0.0,0,100000.0
2016-02-03,0.0,0.0,0.0,0.0,0,100000.0
2016-02-04,0.0,0.0,0.0,0.0,0,100000.0
2016-02-07,0.0,0.0,0.0,0.0,0,100000.0
2016-02-08,0.0,0.0,0.0,0.0,0,100000.0
2016-02-09,0.0,0.0,0.0,0.0,0,100000.0
2016-02-10,0.0,0.0,0.0,0.0,0,100000.0
2016-02-11,0.0,0.0,0.0,0.0,0,100000.0
2016-02-14,0.0,0.0,0.0,0.0,0,100000.0
2016-02-15,0.0,0.0,0.0,0.0,0,100000.0
2016-02-16,0.0,0.0,0.0,0.0,0,100000.0
2016-02-17,0.0,0.0,0.0,0.0,0,100000.0
2016-02-18,0.0,0.0,0.0,0.0,0,100000.0
2016-02-22,0.0,0.0,0.0,0.0,0,100000.0
2016-02-23,0.0,0.0,0.0,0.0,0,100000.0
2016-02-24,0.0,0.0,0.0,0.0,0,100000.0
2016-02-25,0.0,0.0,0.0,0.0,0,100000.0
2016-02-28,0.0,0.0,0.0,0.0,0,100000.0
2016-02-29,0.0,0.0,0.0,0.0,0,100000.0
2016-03-01,0.0,0.0,0.0,0.0,0,100000.0
2016-03-02,0.0,0.0,0.0,0.0,0,100000.0
2016-03-03,0.0,0.0,0.0,0.0,0,100000.0
2016-03-06,0.0,0.0,0.0,0.0,0,100000.0
2016-03-07,0.0,0.0,0.0,0.0,0,100000.0
2016-03-08,0.0,0.0,0.0,0.0,0,100000.0
2016-03-09,0.0,0.0,0.0,0.0,0,100000.0
2016-03-10,0.0,0.0,0.0,0.0,0,100000.0
2016-03-13,0.0,0.0,0.0,0.0,0,100000.0
2016-03-14,0.0,0.0,0.0,0.0,0,100000.0
2016-03-15,0.0,0.0,0.0,0.0,0,100000.0
2016-03-16,0.0,0.0,0.0,0.0,0,100000.0
2016-03-20,0.0,0.0,0.0,0.0,0,100000.0
2016-03-21,0.0,0.0,0.0,0.0,0,100000.0
2016-03-22,0.0,0.0,0.0,0.0,0,100000.0
2016-03-23,0.0,0.0,0.0,0.0,0,100000.0
2016-03-24,0.0,0.0,0.0,0.0,0,100000.0
2016-03-27,0.0,0.0,0.0,0.0,0,100000.0
2016-03-28,0.0,0.0,0.0,0.0,0,100000.0
2016-03-29,0.0,0.0,0.0,0.0,0,100000.0
2016-03-30,0.0,0.0,0.0,0.0,0,100000.0
2016-03-31,0.0,0.0,0.0,0.0,0,100000.0
2016-04-03,0.0,0.0,0.0,0.0,0,100000.0
2016-04-04,0.0,0.0,0.0,0.0,0,100000.0
2016-04-05,0.0,0.0,0.0,0.0,0,100000.0
2016-04-06,0.0,0.0,0.0,0.0,0,100000.0
2016-04-07,0.0,0.0,0.0,0.0,0,100000.0
2016-04-10,0.0,0.0,0.0,0.0,0,100000.0
2016-04-11,0.0,0.0,0.0,0.0,0,100000.0
2016-04-12,0.0,0.0,0.0,0.0,0,100000.0
2016-04-13,0.0,0.0,0.0,0.0,0,100000.0
2016-04-17,0.0,0.0,0.0,0.0,0,100000.0
2016-04-18,0.0,0.0,0.0,0.0,0,100000.0
2016-04-19,0.0,0.0,0.0,0.0,0,100000.0
2016-04-20,0.0,0.0,0.0,0.0,0,100000.0
2016-04-21,0.0,0.0,0.0,0.0,0,100000.0
2016-04-24,0.0,0.0,0.0,0.0,0,100000.0
2016-04-25,0.0,0.0,0.0,0.0,0,100000.0
2016-04-26,0.0,0.0,0.0,0.0,0,100000.0
2016-04-27,0.0,0.0,0.0,0.0,0,100000.0
2016-04-28,0.0,0.0,0.0,0.0,0,100000.0
2016-05-02,0.0,0.0,0.0,0.0,0,100000.0
2016-05-03,0.0,0.0,0.0,0.0,0,100000.0
2016-05-04,0.0,0.0,0.0,0.0,0,100000.0
2016-05-05,0.0,0.0,0.0,0.0,0,100000.0
2016-05-08,0.0,0.0,0.0,0.0,0,100000.0
2016-05-09,0.0,0.0,0.0,0.0,0,100000.0
2016-05-10,0.0,0.0,0.0,0.0,0,100000.0
2016-05-11,0.0,0.0,0.0,0.0,0,100000.0
2016-05-12,0.0,0.0,0.0,0.0,0,100000.0
2016-05-15,0.0,0.0,0.0,0.0,0,100000.0
2016-05-16,0.0,0.0,0.0,0.0,0,100000.0
2016-05-17,0.0,0.0,0.0,0.0,0,100000.0
2016-05-18,0.0,0.0,0.0,0.0,0,100000.0
2016-05-19,0.0,0.0,0.0,0.0,0,100000.0
2016-05-22,0.0,0.0,0.0,0.0,0,100000.0
2016-05-24,0.0,0.0,0.0,0.0,0,100000.0
2016-05-25,0.0,0.0,0.0,0.0,0,100000.0
2016-05-26,0.0,0.0,0.0,0.0,0,100000.0
2016-05-29,0.0,0.0,0.0,0.0,0,100000.0
2016-05-30,0.0,0.0,0.0,0.0,0,100000.0
2016-05-31,0.0,0.0,0.0,0.0,0,100000.0
2016-06-01,0.0,0.0,0.0,0.0,0,100000.0
2016-06-02,0.0,0.0,0.0,0.0,0,100000.0
2016-06-05,0.0,0.0,0.0,0.0,0,100000.0
2016-06-06,0.0,0.0,0.0,0.0,0,100000.0
2016-06-07,0.0,0.0,0.0,0.0,0,100000.0
2016-06-08,0.0,0.0,0.0,0.0,0,100000.0
2016-06-09,0.0,0.0,0.0,0.0,0,100000.0
2016-06-12,0.0,0.0,0.0,0.0,0,100000.0
2016-06-13,0.0,0.0,0.0,0.0,0,100000.0
2016-06-14,0.0,0.0,0.0,0.0,0,100000.0
2016-06-15,0.0,0.0,0.0,0.0,0,100000.0
2016-06-16,0.0,0.0,0.0,0.0,0,100000.0
2016-06-19,0.0,0.0,0.0,0.0,0,100000.0
2016-06-20,0.0,0.0,0.0,0.0,0,100000.0
2016-06-21,0.0,0.0,0.0,0.0,0,100000.0
2016-06-22,0.0,0.0,0.0,0.0,0,100000.0
2016-06-23,0.0,0.0,0.0,0.0,0,100000.0
2016-06-26,0.0,0.0,0.0,0.0,0,100000.0
2016-06-27,0.0,0.0,0.0,0.0,0,100000.0
2016-06-28,0.0,0.0,0.0,0.0,0,100000.0
2016-06-29,0.0,0.0,0.0,0.0,0,100000.0
2016-06-30,0.0,0.0,0.0,0.0,0,100000.0
2016-07-10,0.0,0.0,0.0,0.0,0,100000.0
2016-07-11,0.0,0.0,0.0,0.0,0,100000.0
2016-07-12,0.0,0.0,0.0,0.0,0,100000.0
2016-07-13,0.0,0.0,0.0,0.0,0,100000.0
2016-07-14,0.0,0.0,0.0,0.0,0,100000.0
2016-07-16,0.0,0.0,0.0,0.0,0,100000.0
2016-07-17,0.0,0.0,0.0,0.0,0,100000.0
2016-07-18,0.0,0.0,0.0,0.0,0,100000.0
2016-07-19,0.0,0.0,0.0,0.0,0,100000.0
2016-07-20,0.0,0.0,0.0,0.0,0,100000.0
2016-07-21,0.0,0.0,0.0,0.0,0,100000.0
2016-07-24,0.0,0.0,0.0,0.0,0,100000.0
2016-07-25,0.0,0.0,0.0,0.0,0,100000.0
2016-07-26,0.0,0.0,0.0,0.0,0,100000.0
2016-07-27,0.0,0.0,0.0,0.0,0,100000.0
2016-07-28,0.0,0.0,0.0,0.0,0,100000.0
2016-07-31,0.0,0.0,0.0,0.0,0,100000.0
2016-08-01,0.0,0.0,0.0,0.0,0,100000.0
2016-08-02,0.0,0.0,0.0,0.0,0,100000.0
2016-08-03,0.0,0.0,0.0,0.0,0,100000.0
2016-08-04,0.0,0.0,0.0,0.0,0,100000.0
2016-08-07,0.0,0.0,0.0,0.0,0,100000.0
2016-08-08,0.0,0.0,0.0,0.0,0,100000.0
2016-08-09,0.0,0.0,0.0,0.0,0,100000.0
2016-08-10,0.0,0.0,0.0,0.0,0,100000.0
2016-08-11,0.0,0.0,0.0,0.0,0,100000.0
2016-08-14,0.0,0.0,0.0,0.0,0,100000.0
2016-08-16,0.0,0.0,0.0,0.0,0,100000.0
2016-08-17,0.0,0.0,0.0,0.0,0,100000.0
2016-08-18,0.0,0.0,0.0,0.0,0,100000.0
2016-08-21,0.0,0.0,0.0,0.0,0,100000.0
2016-08-22,0.0,0.0,0.0,0.0,0,100000.0
2016-08-23,0.0,0.0,0.0,0.0,0,100000.0
2016-08-24,0.0,0.0,0.0,0.0,0,100000.0
2016-08-28,0.0,0.0,0.0,0.0,0,100000.0
2016-08-29,0.0,0.0,0.0,0.0,0,100000.0
2016-08-30,0.0,0.0,0.0,0.0,0,100000.0
2016-08-31,0.0,0.0,0.0,0.0,0,100000.0
2016-09-01,0.0,0.0,0.0,0.0,0,100000.0
2016-09-04,0.0,0.0,0.0,0.0,0,100000.0
2016-09-05,0.0,0.0,0.0,0.0,0,100000.0
2016-09-06,0.0,0.0,0.0,0.0,0,100000.0
2016-09-07,0.0,0.0,0.0,0.0,0,100000.0
2016-09-08,0.0,0.0,0.0,0.0,0,100000.0
2016-09-18,0.0,0.0,0.0,0.0,0,100000.0
2016-09-19,0.0,0.0,0.0,0.0,0,100000.0
2016-09-20,0.0,0.0,0.0,0.0,0,100000.0
2016-09-21,0.0,0.0,0.0,0.0,0,100000.0
2016-09-22,0.0,0.0,0.0,0.0,0,100000.0
2016-09-24,0.0,0.0,0.0,0.0,0,100000.0
2016-09-25,0.0,0.0,0.0,0.0,0,100000.0
2016-09-26,0.0,0.0,0.0,0.0,0,100000.0
2016-09-27,0.0,0.0,0.0,0.0,0,100000.0
2016-09-28,0.0,0.0,0.0,0.0,0,100000.0
2016-09-29,0.0,0.0,0.0,0.0,0,100000.0
2016-10-02,0.0,0.0,0.0,0.0,0,100000.0
2016-10-03,0.0,0.0,0.0,0.0,0,100000.0
2016-10-04,0.0,0.0,0.0,0.0,0,100000.0
2016-10-05,0.0,0.0,0.0,0.0,0,100000.0
2016-10-06,0.0,0.0,0.0,0.0,0,100000.0
2016-10-09,0.0,0.0,0.0,0.0,0,100000.0
2016-10-10,0.0,0.0,0.0,0.0,0,100000.0
2016-10-13,0.0,0.0,0.0,0.0,0,100000.0
2016-10-16,0.0,0.0,0.0,0.0,0,100000.0
2016-10-17,0.0,0.0,0.0,0.0,0,100000.0
2016-10-18,0.0,0.0,0.0,0.0,0,100000.0
2016-10-19,0.0,0.0,0.0,0.0,0,100000.0
2016-10-20,0.0,0.0,0.0,0.0,0,100000.0
2016-10-23,0.0,0.0,0.0,0.0,0,100000.0
2016-10-24,0.0,0.0,0.0,0.0,0,100000.0
2016-10-25,0.0,0.0,0.0,0.0,0,100000.0
2016-10-26,0.0,0.0,0.0,0.0,0,100000.0
2016-10-27,0.0,0.0,0.0,0.0,0,100000.0
2016-10-30,0.0,0.0,0.0,0.0,0,100000.0
2016-10-31,0.0,0.0,0.0,0.0,0,100000.0
2016-11-01,0.0,0.0,0.0,0.0,0,100000.0
2016-11-02,0.0,0.0,0.0,0.0,0,100000.0
2016-11-03,0.0,0.0,0.0,0.0,0,100000.0
2016-11-06,0.0,0.0,0.0,0.0,0,100000.0
2016-11-07,0.0,0.0,0.0,0.0,0,100000.0
2016-11-08,0.0,0.0,0.0,0.0,0,100000.0
2016-11-09,0.0,0.0,0.0,0.0,0,100000.0
2016-11-10,0.0,0.0,0.0,0.0,0,100000.0
2016-11-13,0.0,0.0,0.0,0.0,0,100000.0
2016-11-14,0.0,0.0,0.0,0.0,0,100000.0
2016-11-15,0.0,0.0,0.0,0.0,0,100000.0
2016-11-16,0.0,0.0,0.0,0.0,0,100000.0
2016-11-17,0.0,0.0,0.0,0.0,0,100000.0
2016-11-20,0.0,0.0,0.0,0.0,0,100000.0
2016-11-21,0.0,0.0,0.0,0.0,0,100000.0
2016-11-22,0.0,0.0,0.0,0.0,0,100000.0
2016-11-23,0.0,0.0,0.0,0.0,0,100000.0
2016-11-24,0.0,0.0,0.0,0.0,0,100000.0
2016-11-27,0.0,0.0,0.0,0.0,0,100000.0
2016-11-28,0.0,0.0,0.0,0.0,0,100000.0
2016-11-29,0.0,0.0,0.0,0.0,0,100000.0
2016-11-30,0.0,0.0,0.0,0.0,0,100000.0
2016-12-01,0.0,0.0,0.0,0.0,0,100000.0
2016-12-04,0.0,0.0,0.0,0.0,0,100000.0
2016-12-05,0.0,0.0,0.0,0.0,0,100000.0
2016-12-06,0.0,0.0,0.0,0.0,0,100000.0
2016-12-07,0.0,0.0,0.0,0.0,0,100000.0
2016-12-08,0.0,0.0,0.0,0.0,0,100000.0
2016-12-11,0.0,0.0,0.0,0.0,0,100000.0
2016-12-12,0.0,0.0,0.0,0.0,0,100000.0
2016-12-14,0.0,0.0,0.0,0.0,0,100000.0
2016-12-18,0.0,0.0,0.0,0.0,0,100000.0
2016-12-19,0.0,0.0,0.0,0.0,0,100000.0
2016-12-20,0.0,0.0,0.0,0.0,0,100000.0
2016-12-21,0.0,0.0,0.0,0.0,0,100000.0
2016-12-22,0.0,0.0,0.0,0.0,0,100000.0
2016-12-26,0.0,0.0,0.0,0.0,0,100000.0
2016-12-27,0.0,0.0,0.0,0.0,0,100000.0
2016-12-28,0.0,0.0,0.0,0.0,0,100000.0
2016-12-29,0.0,0.0,0.0,0.0,0,100000.0
2017-01-01,0.0,0.0,0.0,0.0,0,100000.0
2017-01-02,0.0,0.0,0.0,0.0,0,100000.0
2017-01-03,0.0,0.0,0.0,0.0,0,100000.0
2017-01-04,0.0,0.0,0.0,0.0,0,100000.0
2017-01-05,0.0,0.0,0.0,0.0,0,100000.0
2017-01-08,0.0,0.0,0.0,0.0,0,100000.0
2017-01-09,0.0,0.0,0.0,0.0,0,100000.0
2017-01-10,0.0,0.0,0.0,0.0,0,100000.0
2017-01-11,0.0,0.0,0.0,0.0,0,100000.0
2017-01-12,0.0,0.0,0.0,0.0,0,100000.0
2017-01-15,0.0,0.0,0.0,0.0,0,100000.0
2017-01-16,0.0,0.0,0.0,0.0,0,100000.0
2017-01-17,0.0,0.0,0.0,0.0,0,100000.0
2017-01-18,0.0,0.0,0.0,0.0,0,100000.0
2017-01-19,0.0,0.0,0.0,0.0,0,100000.0
2017-01-22,0.0,0.0,0.0,0.0,0,100000.0
2017-01-23,0.0,0.0,0.0,0.0,0,100000.0
2017-01-24,0.0,0.0,0.0,0.0,0,100000.0
2017-01-25,0.0,0.0,0.0,0.0,0,100000.0
2017-01-26,0.0,0.0,0.0,0.0,0,100000.0
2017-01-29,0.0,0.0,0.0,0.0,0,100000.0
2017-01-30,0.0,0.0,0.0,0.0,0,100000.0
2017-01-31,0.0,0.0,0.0,0.0,0,100000.0
2017-02-01,0.0,0.0,0.0,0.0,0,100000.0
2017-02-02,0.0,0.0,0.0,0.0,0,100000.0
2017-02-05,0.0,0.0,0.0,0.0,0,100000.0
2017-02-06,0.0,0.0,0.0,0.0,0,100000.0
2017-02-07,0.0,0.0,0.0,0.0,0,100000.0
2017-02-08,0.0,0.0,0.0,0.0,0,100000.0
2017-02-09,0.0,0.0,0.0,0.0,0,100000.0
2017-02-12,0.0,0.0,0.0,0.0,0,100000.0
2017-02-13,0.0,0.0,0.0,0.0,0,100000.0
2017-02-14,0.0,0.0,0.0,0.0,0,100000.0
2017-02-15,0.0,0.0,0.0,0.0,0,100000.0
2017-02-16,0.0,0.0,0.0,0.0,0,100000.0
2017-02-19,0.0,0.0,0.0,0.0,0,100000.0
2017-02-20,0.0,0.0,0.0,0.0,0,100000.0
2017-02-22,0.0,0.0,0.0,0.0,0,100000.0
2017-02-23,0.0,0.0,0.0,0.0,0,100000.0
2017-02-26,0.0,0.0,0.0,0.0,0,100000.0
2017-02-27,0.0,0.0,0.0,0.0,0,100000.0
2017-02-28,0.0,0.0,0.0,0.0,0,100000.0
2017-03-01,0.0,0.0,0.0,0.0,0,100000.0
2017-03-02,0.0,0.0,0.0,0.0,0,100000.0
2017-03-05,0.0,0.0,0.0,0.0,0,100000.0
2017-03-06,0.0,0.0,0.0,0.0,0,100000.0
2017-03-07,0.0,0.0,0.0,0.0,0,100000.0
2017-03-08,0.0,0.0,0.0,0.0,0,100000.0
2017-03-09,0.0,0.0,0.0,0.0,0,100000.0
2017-03-12,0.0,0.0,0.0,0.0,0,100000.0
2017-03-13,0.0,0.0,0.0,0.0,0,100000.0
2017-03-14,0.0,0.0,0.0,0.0,0,100000.0
2017-03-15,0.0,0.0,0.0,0.0,0,100000.0
2017-03-16,0.0,0.0,0.0,0.0,0,100000.0
2017-03-19,0.0,0.0,0.0,0.0,0,100000.0
2017-03-20,0.0,0.0,0.0,0.0,0,100000.0
2017-03-21,0.0,0.0,0.0,0.0,0,100000.0
2017-03-22,0.0,0.0,0.0,0.0,0,100000.0
2017-03-23,0.0,0.0,0.0,0.0,0,100000.0
2017-03-27,0.0,0.0,0.0,0.0,0,100000.0
2017-03-28,0.0,0.0,0.0,0.0,0,100000.0
2017-03-29,0.0,0.0,0.0,0.0,0,100000.0
2017-03-30,0.0,0.0,0.0,0.0,0,100000.0
2017-04-02,0.0,0.0,0.0,0.0,0,100000.0
2017-04-03,0.0,0.0,0.0,0.0,0,100000.0
2017-04-04,0.0,0.0,0.0,0.0,0,100000.0
2017-04-05,0.0,0.0,0.0,0.0,0,100000.0
2017-04-06,0.0,0.0,0.0,0.0,0,100000.0
2017-04-09,0.0,0.0,0.0,0.0,0,100000.0
2017-04-10,0.0,0.0,0.0,0.0,0,100000.0
2017-04-11,0.0,0.0,0.0,0.0,0,100000.0
2017-04-12,0.0,0.0,0.0,0.0,0,100000.0
2017-04-13,0.0,0.0,0.0,0.0,0,100000.0
2017-04-16,0.0,0.0,0.0,0.0,0,100000.0
2017-04-17,0.0,0.0,0.0,0.0,0,100000.0
2017-04-18,0.0,0.0,0.0,0.0,0,100000.0
2017-04-19,0.0,0.0,0.0,0.0,0,100000.0
2017-04-20,0.0,0.0,0.0,0.0,0,100000.0
2017-04-23,0.0,0.0,0.0,0.0,0,100000.0
2017-04-24,0.0,0.0,0.0,0.0,0,100000.0
2017-04-25,0.0,0.0,0.0,0.0,0,100000.0
2017-04-26,0.0,0.0,0.0,0.0,0,100000.0
2017-04-27,0.0,0.0,0.0,0.0,0,100000.0
2017-04-30,0.0,0.0,0.0,0.0,0,100000.0
2017-05-02,0.0,0.0,0.0,0.0,0,100000.0
2017-05-03,0.0,0.0,0.0,0.0,0,100000.0
2017-05-04,0.0,0.0,0.0,0.0,0,100000.0
2017-05-07,0.0,0.0,0.0,0.0,0,100000.0
2017-05-08,0.0,0.0,0.0,0.0,0,100000.0
2017-05-09,0.0,0.0,0.0,0.0,0,100000.0
2017-05-11,0.0,0.0,0.0,0.0,0,100000.0
2017-05-14,0.0,0.0,0.0,0.0,0,100000.0
2017-05-15,0.0,0.0,0.0,0.0,0,100000.0
2017-05-16,0.0,0.0,0.0,0.0,0,100000.0
2017-05-17,0.0,0.0,0.0,0.0,0,100000.0
2017-05-18,0.0,0.0,0.0,0.0,0,100000.0
2017-05-21,0.0,0.0,0.0,0.0,0,100000.0
2017-05-22,0.0,0.0,0.0,0.0,0,100000.0
2017-05-23,0.0,0.0,0.0,0.0,0,100000.0
2017-05-24,0.0,0.0,0.0,0.0,0,100000.0
2017-05-25,0.0,0.0,0.0,0.0,0,100000.0
2017-05-28,0.0,0.0,0.0,0.0,0,100000.0
2017-05-29,0.0,0.0,0.0,0.0,0,100000.0
2017-05-30,0.0,0.0,0.0,0.0,0,100000.0
2017-05-31,0.0,0.0,0.0,0.0,0,100000.0
2017-06-01,0.0,0.0,0.0,0.0,0,100000.0
2017-06-04,0.0,0.0,0.0,0.0,0,100000.0
2017-06-05,0.0,0.0,0.0,0.0,0,100000.0
2017-06-06,0.0,0.0,0.0,0.0,0,100000.0
2017-06-07,0.0,0.0,0.0,0.0,0,100000.0
2017-06-08,0.0,0.0,0.0,0.0,0,100000.0
2017-06-11,0.0,0.0,0.0,0.0,0,100000.0
2017-06-12,0.0,0.0,0.0,0.0,0,100000.0
2017-06-13,0.0,0.0,0.0,0.0,0,100000.0
2017-06-14,0.0,0.0,0.0,0.0,0,100000.0
2017-06-15,0.0,0.0,0.0,0.0,0,100000.0
2017-06-18,0.0,0.0,0.0,0.0,0,100000.0
2017-06-19,0.0,0.0,0.0,0.0,0,100000.0
2017-06-20,0.0,0.0,0.0,0.0,0,100000.0
2017-06-21,0.0,0.0,0.0,0.0,0,100000.0
2017-06-22,0.0,0.0,0.0,0.0,0,100000.0
2017-06-28,0.0,0.0,0.0,0.0,0,100000.0
2017-06-29,0.0,0.0,0.0,0.0,0,100000.0
2017-07-02,0.0,0.0,0.0,0.0,0,100000.0
2017-07-03,0.0,0.0,0.0,0.0,0,100000.0
2017-07-04,0.0,0.0,0.0,0.0,0,100000.0
2017-07-05,0.0,0.0,0.0,0.0,0,100000.0
2017-07-06,0.0,0.0,0.0,0.0,0,100000.0
2017-07-09,0.0,0.0,0.0,0.0,0,100000.0
2017-07-10,0.0,0.0,0.0,0.0,0,100000.0
2017-07-11,0.0,0.0,0.0,0.0,0,100000.0
2017-07-12,0.0,0.0,0.0,0.0,0,100000.0
2017-07-13,0.0,0.0,0.0,0.0,0,100000.0
2017-07-16,0.0,0.0,0.0,0.0,0,100000.0
2017-07-17,0.0,0.0,0.0,0.0,0,100000.0
2017-07-18,0.0,0.0,0.0,0.0,0,100000.0
2017-07-19,0.0,0.0,0.0,0.0,0,100000.0
2017-07-20,0.0,0.0,0.0,0.0,0,100000.0
2017-07-23,0.0,0.0,0.0,0.0,0,100000.0
2017-07-24,0.0,0.0,0.0,0.0,0,100000.0
2017-07-25,0.0,0.0,0.0,0.0,0,100000.0
2017-07-26,0.0,0.0,0.0,0.0,0,100000.0
2017-07-27,0.0,0.0,0.0,0.0,0,100000.0
2017-07-30,0.0,0.0,0.0,0.0,0,100000.0
2017-07-31,0.0,0.0,0.0,0.0,0,100000.0
2017-08-01,0.0,0.0,0.0,0.0,0,100000.0
2017-08-02,0.0,0.0,0.0,0.0,0,100000.0
2017-08-03,0.0,0.0,0.0,0.0,0,100000.0
2017-08-06,0.0,0.0,0.0,0.0,0,100000.0
2017-08-07,0.0,0.0,0.0,0.0,0,100000.0
2017-08-08,0.0,0.0,0.0,0.0,0,100000.0
2017-08-09,0.0,0.0,0.0,0.0,0,100000.0
2017-08-10,0.0,0.0,0.0,0.0,0,100000.0
2017-08-13,0.0,0.0,0.0,0.0,0,100000.0
2017-08-16,0.0,0.0,0.0,0.0,0,100000.0
2017-08-17,0.0,0.0,0.0,0.0,0,100000.0
2017-08-20,0.0,0.0,0.0,0.0,0,100000.0
2017-08-21,0.0,0.0,0.0,0.0,0,100000.0
2017-08-22,0.0,0.0,0.0,0.0,0,100000.0
2017-08-23,0.0,0.0,0.0,0.0,0,100000.0
2017-08-24,0.0,0.0,0.0,0.0,0,100000.0
2017-08-27,0.0,0.0,0.0,0.0,0,100000.0
2017-08-28,0.0,0.0,0.0,0.0,0,100000.0
2017-08-29,0.0,0.0,0.0,0.0,0,100000.0
2017-08-30,0.0,0.0,0.0,0.0,0,100000.0
2017-08-31,0.0,0.0,0.0,0.0,0,100000.0
2017-09-04,0.0,0.0,0.0,0.0,0,100000.0
2017-09-05,0.0,0.0,0.0,0.0,0,100000.0
2017-09-06,0.0,0.0,0.0,0.0,0,100000.0
2017-09-07,0.0,0.0,0.0,0.0,0,100000.0
2017-09-10,0.0,0.0,0.0,0.0,0,100000.0
2017-09-11,0.0,0.0,0.0,0.0,0,100000.0
2017-09-12,0.0,0.0,0.0,0.0,0,100000.0
2017-09-13,0.0,0.0,0.0,0.0,0,100000.0
2017-09-14,0.0,0.0,0.0,0.0,0,100000.0
2017-09-17,0.0,0.0,0.0,0.0,0,100000.0
2017-09-18,0.0,0.0,0.0,0.0,0,100000.0
2017-09-19,0.0,0.0,0.0,0.0,0,100000.0
2017-09-20,0.0,0.0,0.0,0.0,0,100000.0
2017-09-21,0.0,0.0,0.0,0.0,0,100000.0
2017-09-24,0.0,0.0,0.0,0.0,0,100000.0
2017-09-25,0.0,0.0,0.0,0.0,0,100000.0
2017-09-26,0.0,0.0,0.0,0.0,0,100000.0
2017-09-27,0.0,0.0,0.0,0.0,0,100000.0
2017-09-28,0.0,0.0,0.0,0.0,0,100000.0
2017-10-02,0.0,0.0,0.0,0.0,0,100000.0
2017-10-03,0.0,0.0,0.0,0.0,0,100000.0
2017-10-04,0.0,0.0,0.0,0.0,0,100000.0
2017-10-05,0.0,0.0,0.0,0.0,0,100000.0
2017-10-08,0.0,0.0,0.0,0.0,0,100000.0
2017-10-09,0.0,0.0,0.0,0.0,0,100000.0
2017-10-10,0.0,0.0,0.0,0.0,0,100000.0
2017-10-11,0.0,0.0,0.0,0.0,0,100000.0
2017-10-12,0.0,0.0,0.0,0.0,0,100000.0
2017-10-15,0.0,0.0,0.0,0.0,0,100000.0
2017-10-16,0.0,0.0,0.0,0.0,0,100000.0
2017-10-17,0.0,0.0,0.0,0.0,0,100000.0
2017-10-18,0.0,0.0,0.0,0.0,0,100000.0
2017-10-19,0.0,0.0,0.0,0.0,0,100000.0
2017-10-22,0.0,0.0,0.0,0.0,0,100000.0
2017-10-23,0.0,0.0,0.0,0.0,0,100000.0
2017-10-24,0.0,0.0,0.0,0.0,0,100000.0
2017-10-25,0.0,0.0,0.0,0.0,0,100000.0
2017-10-26,0.0,0.0,0.0,0.0,0,100000.0
2017-10-29,0.0,0.0,0.0,0.0,0,100000.0
2017-10-30,0.0,0.0,0.0,0.0,0,100000.0
2017-10-31,0.0,0.0,0.0,0.0,0,100000.0
2017-11-01,0.0,0.0,0.0,0.0,0,100000.0
2017-11-02,0.0,0.0,0.0,0.0,0,100000.0
2017-11-05,0.0,0.0,0.0,0.0,0,100000.0
2017-11-06,0.0,0.0,0.0,0.0,0,100000.0
2017-11-07,0.0,0.0,0.0,0.0,0,100000.0
2017-11-08,0.0,0.0,0.0,0.0,0,100000.0
2017-11-09,0.0,0.0,0.0,0.0,0,100000.0
2017-11-12,0.0,0.0,0.0,0.0,0,100000.0
2017-11-13,0.0,0.0,0.0,0.0,0,100000.0
2017-11-14,0.0,0.0,0.0,0.0,0,100000.0
2017-11-15,0.0,0.0,0.0,0.0,0,100000.0
2017-11-16,0.0,0.0,0.0,0.0,0,100000.0
2017-11-19,0.0,0.0,0.0,0.0,0,100000.0
2017-11-20,0.0,0.0,0.0,0.0,0,100000.0
2017-11-21,0.0,0.0,0.0,0.0,0,100000.0
2017-11-22,0.0,0.0,0.0,0.0,0,100000.0
2017-11-23,0.0,0.0,0.0,0.0,0,100000.0
2017-11-26,0.0,0.0,0.0,0.0,0,100000.0
2017-11-27,0.0,0.0,0.0,0.0,0,100000.0
2017-11-28,0.0,0.0,0.0,0.0,0,100000.0
2017-11-29,0.0,0.0,0.0,0.0,0,100000.0
2017-11-30,0.0,0.0,0.0,0.0,0,100000.0
2017-12-03,0.0,0.0,0.0,0.0,0,100000.0
2017-12-04,0.0,0.0,0.0,0.0,0,100000.0
2017-12-05,0.0,0.0,0.0,0.0,0,100000.0
2017-12-06,0.0,0.0,0.0,0.0,0,100000.0
2017-12-07,0.0,0.0,0.0,0.0,0,100000.0
2017-12-10,0.0,0.0,0.0,0.0,0,100000.0
2017-12-11,0.0,0.0,0.0,0.0,0,100000.0
2017-12-12,0.0,0.0,0.0,0.0,0,100000.0
2017-12-13,0.0,0.0,0.0,0.0,0,100000.0
2017-12-14,0.0,0.0,0.0,0.0,0,100000.0
2017-12-17,0.0,0.0,0.0,0.0,0,100000.0
2017-12-18,0.0,0.0,0.0,0.0,0,100000.0
2017-12-19,0.0,0.0,0.0,0.0,0,100000.0
2017-12-20,0.0,0.0,0.0,0.0,0,100000.0
2017-12-21,0.0,0.0,0.0,0.0,0,100000.0
2017-12-24,0.0,0.0,0.0,0.0,0,100000.0
2017-12-26,0.0,0.0,0.0,0.0,0,100000.0
2017-12-27,0.0,0.0,0.0,0.0,0,100000.0
2017-12-28,0.0,0.0,0.0,0.0,0,100000.0
2018-01-01,0.0,0.0,0.0,0.0,0,100000.0
2018-01-02,0.0,0.0,0.0,0.0,0,100000.0
2018-01-03,0.0,0.0,0.0,0.0,0,100000.0
2018-01-04,0.0,0.0,0.0,0.0,0,100000.0
2018-01-07,0.0,0.0,0.0,0.0,0,100000.0
2018-01-08,0.0,0.0,0.0,0.0,0,100000.0
2018-01-09,0.0,0.0,0.0,0.0,0,100000.0
2018-01-10,0.0,0.0,0.0,0.0,0,100000.0
2018-01-11,0.0,0.0,0.0,0.0,0,100000.0
2018-01-14,0.0,0.0,0.0,0.0,0,100000.0
2018-01-15,0.0,0.0,0.0,0.0,0,100000.0
2018-01-16,0.0,0.0,0.0,0.0,0,100000.0
2018-01-17,0.0,0.0,0.0,0.0,0,100000.0
2018-01-18,0.0,0.0,0.0,0.0,0,100000.0
2018-01-21,0.0,0.0,0.0,0.0,0,100000.0
2018-01-22,0.0,0.0,0.0,0.0,0,100000.0
2018-01-23,0.0,0.0,0.0,0.0,0,100000.0
2018-01-24,0.0,0.0,0.0,0.0,0,100000.0
2018-01-25,0.0,0.0,0.0,0.0,0,100000.0
2018-01-28,0.0,0.0,0.0,0.0,0,100000.0
2018-01-29,0.0,0.0,0.0,0.0,0,100000.0
2018-01-30,0.0,0.0,0.0,0.0,0,100000.0
2018-01-31,0.0,0.0,0.0,0.0,0,100000.0
2018-02-01,0.0,0.0,0.0,0.0,0,100000.0
2018-02-04,0.0,0.0,0.0,0.0,0,100000.0
2018-02-05,0.0,0.0,0.0,0.0,0,100000.0
2018-02-06,0.0,0.0,0.0,0.0,0,100000.0
2018-02-07,0.0,0.0,0.0,0.0,0,100000.0
2018-02-08,0.0,0.0,0.0,0.0,0,100000.0
2018-02-11,0.0,0.0,0.0,0.0,0,100000.0
2018-02-12,0.0,0.0,0.0,0.0,0,100000.0
2018-02-13,0.0,0.0,0.0,0.0,0,100000.0
2018-02-14,0.0,0.0,0.0,0.0,0,100000.0
2018-02-15,0.0,0.0,0.0,0.0,0,100000.0
2018-02-18,0.0,0.0,0.0,0.0,0,100000.0
2018-02-19,0.0,0.0,0.0,0.0,0,100000.0
2018-02-20,0.0,0.0,0.0,0.0,0,100000.0
2018-02-22,0.0,0.0,0.0,0.0,0,100000.0
2018-02-25,0.0,0.0,0.0,0.0,0,100000.0
2018-02-26,0.0,0.0,0.0,0.0,0,100000.0
2018-02-27,0.0,0.0,0.0,0.0,0,100000.0
2018-02-28,0.0,0.0,0.0,0.0,0,100000.0
2018-03-01,0.0,0.0,0.0,0.0,0,100000.0
2018-03-04,0.0,0.0,0.0,0.0,0,100000.0
2018-03-05,0.0,0.0,0.0,0.0,0,100000.0
2018-03-06,0.0,0.0,0.0,0.0,0,100000.0
2018-03-07,0.0,0.0,0.0,0.0,0,100000.0
2018-03-08,0.0,0.0,0.0,0.0,0,100000.0
2018-03-11,0.0,0.0,0.0,0.0,0,100000.0
2018-03-12,0.0,0.0,0.0,0.0,0,100000.0
2018-03-13,0.0,0.0,0.0,0.0,0,100000.0
2018-03-14,0.0,0.0,0.0,0.0,0,100000.0
2018-03-15,0.0,0.0,0.0,0.0,0,100000.0
2018-03-18,0.0,0.0,0.0,0.0,0,100000.0
2018-03-19,0.0,0.0,0.0,0.0,0,100000.0
2018-03-20,0.0,0.0,0.0,0.0,0,100000.0
2018-03-21,0.0,0.0,0.0,0.0,0,100000.0
2018-03-22,0.0,0.0,0.0,0.0,0,100000.0
2018-03-25,0.0,0.0,0.0,0.0,0,100000.0
2018-03-27,0.0,0.0,0.0,0.0,0,100000.0
2018-03-28,0.0,0.0,0.0,0.0,0,100000.0
2018-03-29,0.0,0.0,0.0,0.0,0,100000.0
2018-04-01,0.0,0.0,0.0,0.0,0,100000.0
2018-04-02,0.0,0.0,0.0,0.0,0,100000.0
2018-04-03,0.0,0.0,0.0,0.0,0,100000.0
2018-04-04,0.0,0.0,0.0,0.0,0,100000.0
2018-04-05,0.0,0.0,0.0,0.0,0,100000.0
2018-04-08,0.0,0.0,0.0,0.0,0,100000.0
2018-04-09,0.0,0.0,0.0,0.0,0,100000.0
2018-04-10,0.0,0.0,0.0,0.0,0,100000.0
2018-04-11,0.0,0.0,0.0,0.0,0,100000.0
2018-04-12,0.0,0.0,0.0,0.0,0,100000.0
2018-04-15,0.0,0.0,0.0,0.0,0,100000.0
2018-04-16,0.0,0.0,0.0,0.0,0,100000.0
2018-04-17,0.0,0.0,0.0,0.0,0,100000.0
2018-04-18,0.0,0.0,0.0,0.0,0,100000.0
2018-04-19,0.0,0.0,0.0,0.0,0,100000.0
2018-04-22,0.0,0.0,0.0,0.0,0,100000.0
2018-04-23,0.0,0.0,0.0,0.0,0,100000.0
2018-04-24,0.0,0.0,0.0,0.0,0,100000.0
2018-04-25,0.0,0.0,0.0,0.0,0,100000.0
2018-04-26,0.0,0.0,0.0,0.0,0,100000.0
2018-04-30,0.0,0.0,0.0,0.0,0,100000.0
2018-05-03,0.0,0.0,0.0,0.0,0,100000.0
2018-05-06,0.0,0.0,0.0,0.0,0,100000.0
2018-05-07,0.0,0.0,0.0,0.0,0,100000.0
2018-05-08,0.0,0.0,0.0,0.0,0,100000.0
2018-05-09,0.0,0.0,0.0,0.0,0,100000.0
2018-05-10,0.0,0.0,0.0,0.0,0,100000.0
2018-05-13,0.0,0.0,0.0,0.0,0,100000.0
2018-05-14,0.0,0.0,0.0,0.0,0,100000.0
2018-05-15,0.0,0.0,0.0,0.0,0,100000.0
2018-05-16,0.0,0.0,0.0,0.0,0,100000.0
2018-05-17,0.0,0.0,0.0,0.0,0,100000.0
2018-05-20,0.0,0.0,0.0,0.0,0,100000.0
2018-05-21,0.0,0.0,0.0,0.0,0,100000.0
2018-05-22,0.0,0.0,0.0,0.0,0,100000.0
2018-05-23,0.0,0.0,0.0,0.0,0,100000.0
2018-05-24,0.0,0.0,0.0,0.0,0,100000.0
2018-05-27,0.0,0.0,0.0,0.0,0,100000.0
2018-05-28,0.0,0.0,0.0,0.0,0,100000.0
2018-05-29,0.0,0.0,0.0,0.0,0,100000.0
2018-05-30,0.0,0.0,0.0,0.0,0,100000.0
2018-05-31,0.0,0.0,0.0,0.0,0,100000.0
2018-06-03,0.0,0.0,0.0,0.0,0,100000.0
2018-06-04,0.0,0.0,0.0,0.0,0,100000.0
2018-06-05,0.0,0.0,0.0,0.0,0,100000.0
2018-06-06,0.0,0.0,0.0,0.0,0,100000.0
2018-06-07,0.0,0.0,0.0,0.0,0,100000.0
2018-06-10,0.0,0.0,0.0,0.0,0,100000.0
2018-06-11,0.0,0.0,0.0,0.0,0,100000.0
2018-06-12,0.0,0.0,0.0,0.0,0,100000.0
2018-06-18,0.0,0.0,0.0,0.0,0,100000.0
2018-06-19,0.0,0.0,0.0,0.0,0,100000.0
2018-06-20,0.0,0.0,0.0,0.0,0,100000.0
2018-06-21,0.0,0.0,0.0,0.0,0,100000.0
2018-06-24,0.0,0.0,0.0,0.0,0,100000.0
2018-06-25,0.0,0.0,0.0,0.0,0,100000.0
2018-06-26,0.0,0.0,0.0,0.0,0,100000.0
2018-06-27,0.0,0.0,0.0,0.0,0,100000.0
2018-06-28,0.0,0.0,0.0,0.0,0,100000.0
2018-07-02,0.0,0.0,0.0,0.0,0,100000.0
2018-07-03,0.0,0.0,0.0,0.0,0,100000.0
2018-07-04,0.0,0.0,0.0,0.0,0,100000.0
2018-07-05,0.0,0.0,0.0,0.0,0,100000.0
2018-07-08,0.0,0.0,0.0,0.0,0,100000.0
2018-07-09,0.0,0.0,0.0,0.0,0,100000.0
2018-07-10,0.0,0.0,0.0,0.0,0,100000.0
2018-07-11,0.0,0.0,0.0,0.0,0,100000.0
2018-07-12,0.0,0.0,0.0,0.0,0,100000.0
2018-07-15,0.0,0.0,0.0,0.0,0,100000.0
2018-07-16,0.0,0.0,0.0,0.0,0,100000.0
2018-07-17,0.0,0.0,0.0,0.0,0,100000.0
2018-07-18,0.0,0.0,0.0,0.0,0,100000.0
2018-07-19,0.0,0.0,0.0,0.0,0,100000.0
2018-07-22,0.0,0.0,0.0,0.0,0,100000.0
2018-07-23,0.0,0.0,0.0,0.0,0,100000.0
2018-07-24,0.0,0.0,0.0,0.0,0,100000.0
2018-07-25,0.0,0.0,0.0,0.0,0,100000.0
2018-07-26,0.0,0.0,0.0,0.0,0,100000.0
2018-07-29,0.0,0.0,0.0,0.0,0,100000.0
2018-07-30,0.0,0.0,0.0,0.0,0,100000.0
2018-07-31,0.0,0.0,0.0,0.0,0,100000.0
2018-08-01,0.0,0.0,0.0,0.0,0,100000.0
2018-08-02,0.0,0.0,0.0,0.0,0,100000.0
2018-08-05,0.0,0.0,0.0,0.0,0,100000.0
2018-08-06,0.0,0.0,0.0,0.0,0,100000.0
2018-08-07,0.0,0.0,0.0,0.0,0,100000.0
2018-08-08,0.0,0.0,0.0,0.0,0,100000.0
2018-08-09,0.0,0.0,0.0,0.0,0,100000.0
2018-08-12,0.0,0.0,0.0,0.0,0,100000.0
2018-08-13,0.0,0.0,0.0,0.0,0,100000.0
2018-08-14,0.0,0.0,0.0,0.0,0,100000.0
2018-08-16,0.0,0.0,0.0,0.0,0,100000.0
2018-08-19,0.0,0.0,0.0,0.0,0,100000.0
2018-08-20,0.0,0.0,0.0,0.0,0,100000.0
2018-08-26,0.0,0.0,0.0,0.0,0,100000.0
2018-08-27,0.0,0.0,0.0,0.0,0,100000.0
2018-08-28,0.0,0.0,0.0,0.0,0,100000.0
2018-08-29,0.0,0.0,0.0,0.0,0,100000.0
2018-08-30,0.0,0.0,0.0,0.0,0,100000.0
2018-09-03,0.0,0.0,0.0,0.0,0,100000.0
2018-09-04,0.0,0.0,0.0,0.0,0,100000.0
2018-09-05,0.0,0.0,0.0,0.0,0,100000.0
2018-09-06,0.0,0.0,0.0,0.0,0,100000.0
2018-09-09,0.0,0.0,0.0,0.0,0,100000.0
2018-09-10,0.0,0.0,0.0,0.0,0,100000.0
2018-09-11,0.0,0.0,0.0,0.0,0,100000.0
2018-09-12,0.0,0.0,0.0,0.0,0,100000.0
2018-09-13,0.0,0.0,0.0,0.0,0,100000.0
2018-09-16,0.0,0.0,0.0,0.0,0,100000.0
2018-09-17,0.0,0.0,0.0,0.0,0,100000.0
2018-09-18,0.0,0.0,0.0,0.0,0,100000.0
2018-09-19,0.0,0.0,0.0,0.0,0,100000.0
2018-09-20,0.0,0.0,0.0,0.0,0,100000.0
2018-09-23,0.0,0.0,0.0,0.0,0,100000.0
2018-09-24,0.0,0.0,0.0,0.0,0,100000.0
2018-09-25,0.0,0.0,0.0,0.0,0,100000.0
2018-09-26,0.0,0.0,0.0,0.0,0,100000.0
2018-09-27,0.0,0.0,0.0,0.0,0,100000.0
2018-09-30,0.0,0.0,0.0,0.0,0,100000.0
2018-10-01,0.0,0.0,0.0,0.0,0,100000.0
2018-10-02,0.0,0.0,0.0,0.0,0,100000.0
2018-10-03,0.0,0.0,0.0,0.0,0,100000.0
2018-10-04,0.0,0.0,0.0,0.0,0,100000.0
2018-10-07,0.0,0.0,0.0,0.0,0,100000.0
2018-10-08,0.0,0.0,0.0,0.0,0,100000.0
2018-10-09,0.0,0.0,0.0,0.0,0,100000.0
2018-10-10,0.0,0.0,0.0,0.0,0,100000.0
2018-10-11,0.0,0.0,0.0,0.0,0,100000.0
2018-10-14,0.0,0.0,0.0,0.0,0,100000.0
2018-10-15,0.0,0.0,0.0,0.0,0,100000.0
2018-10-16,0.0,0.0,0.0,0.0,0,100000.0
2018-10-17,0.0,0.0,0.0,0.0,0,100000.0
2018-10-18,0.0,0.0,0.0,0.0,0,100000.0
2018-10-21,0.0,0.0,0.0,0.0,0,100000.0
2018-10-22,0.0,0.0,0.0,0.0,0,100000.0
2018-10-23,0.0,0.0,0.0,0.0,0,100000.0
2018-10-24,0.0,0.0,0.0,0.0,0,100000.0
2018-10-25,0.0,0.0,0.0,0.0,0,100000.0
2018-10-28,0.0,0.0,0.0,0.0,0,100000.0
2018-10-29,0.0,0.0,0.0,0.0,0,100000.0
2018-10-30,0.0,0.0,0.0,0.0,0,100000.0
2018-10-31,0.0,0.0,0.0,0.0,0,100000.0
2018-11-01,0.0,0.0,0.0,0.0,0,100000.0
2018-11-04,0.0,0.0,0.0,0.0,0,100000.0
2018-11-05,0.0,0.0,0.0,0.0,0,100000.0
2018-11-06,0.0,0.0,0.0,0.0,0,100000.0
2018-11-07,0.0,0.0,0.0,0.0,0,100000.0
2018-11-08,0.0,0.0,0.0,0.0,0,100000.0
2018-11-11,0.0,0.0,0.0,0.0,0,100000.0
2018-11-12,0.0,0.0,0.0,0.0,0,100000.0
2018-11-13,0.0,0.0,0.0,0.0,0,100000.0
2018-11-14,0.0,0.0,0.0,0.0,0,100000.0
2018-11-15,0.0,0.0,0.0,0.0,0,100000.0
2018-11-18,0.0,0.0,0.0,0.0,0,100000.0
2018-11-19,0.0,0.0,0.0,0.0,0,100000.0
2018-11-20,0.0,0.0,0.0,0.0,0,100000.0
2018-11-22,0.0,0.0,0.0,0.0,0,100000.0
2018-11-25,0.0,0.0,0.0,0.0,0,100000.0
2018-11-26,0.0,0.0,0.0,0.0,0,100000.0
2018-11-27,0.0,0.0,0.0,0.0,0,100000.0
2018-11-28,0.0,0.0,0.0,0.0,0,100000.0
2018-11-29,0.0,0.0,0.0,0.0,0,100000.0
2018-12-02,0.0,0.0,0.0,0.0,0,100000.0
2018-12-03,0.0,0.0,0.0,0.0,0,100000.0
2018-12-04,0.0,0.0,0.0,0.0,0,100000.0
2018-12-05,0.0,0.0,0.0,0.0,0,100000.0
2018-12-06,0.0,0.0,0.0,0.0,0,100000.0
2018-12-09,0.0,0.0,0.0,0.0,0,100000.0
2018-12-10,0.0,0.0,0.0,0.0,0,100000.0
2018-12-11,0.0,0.0,0.0,0.0,0,100000.0
2018-12-12,0.0,0.0,0.0,0.0,0,100000.0
2018-12-13,0.0,0.0,0.0,0.0,0,100000.0
2018-12-17,0.0,0.0,0.0,0.0,0,100000.0
2018-12-18,0.0,0.0,0.0,0.0,0,100000.0
2018-12-19,0.0,0.0,0.0,0.0,0,100000.0
2018-12-20,0.0,0.0,0.0,0.0,0,100000.0
2018-12-23,0.0,0.0,0.0,0.0,0,100000.0
2018-12-24,0.0,0.0,0.0,0.0,0,100000.0
2018-12-26,0.0,0.0,0.0,0.0,0,100000.0
2018-12-27,0.0,0.0,0.0,0.0,0,100000.0
2019-01-01,0.0,0.0,0.0,0.0,0,100000.0
2019-01-02,0.0,0.0,0.0,0.0,0,100000.0
2019-01-03,0.0,0.0,0.0,0.0,0,100000.0
2019-01-06,0.0,0.0,0.0,0.0,0,100000.0
2019-01-07,0.0,0.0,0.0,0.0,0,100000.0
2019-01-08,0.0,0.0,0.0,0.0,0,100000.0
2019-01-09,0.0,0.0,0.0,0.0,0,100000.0
2019-01-10,0.0,0.0,0.0,0.0,0,100000.0
2019-01-13,0.0,0.0,0.0,0.0,0,100000.0
2019-01-14,0.0,0.0,0.0,0.0,0,100000.0
2019-01-15,0.0,0.0,0.0,0.0,0,100000.0
2019-01-16,0.0,0.0,0.0,0.0,0,100000.0
2019-01-17,0.0,0.0,0.0,0.0,0,100000.0
2019-01-20,0.0,0.0,0.0,0.0,0,100000.0
2019-01-21,0.0,0.0,0.0,0.0,0,100000.0
2019-01-22,0.0,0.0,0.0,0.0,0,100000.0
2019-01-23,0.0,0.0,0.0,0.0,0,100000.0
2019-01-24,0.0,0.0,0.0,0.0,0,100000.0
2019-01-27,0.0,0.0,0.0,0.0,0,100000.0
2019-01-28,0.0,0.0,0.0,0.0,0,100000.0
2019-01-29,0.0,0.0,0.0,0.0,0,100000.0
2019-01-30,0.0,0.0,0.0,0.0,0,100000.0
2019-01-31,0.0,0.0,0.0,0.0,0,100000.0
2019-02-03,0.0,0.0,0.0,0.0,0,100000.0
2019-02-04,0.0,0.0,0.0,0.0,0,100000.0
2019-02-05,0.0,0.0,0.0,0.0,0,100000.0
2019-02-06,0.0,0.0,0.0,0.0,0,100000.0
2019-02-07,0.0,0.0,0.0,0.0,0,100000.0
2019-02-10,0.0,0.0,0.0,0.0,0,100000.0
2019-02-11,0.0,0.0,0.0,0.0,0,100000.0
2019-02-12,0.0,0.0,0.0,0.0,0,100000.0
2019-02-13,0.0,0.0,0.0,0.0,0,100000.0
2019-02-14,0.0,0.0,0.0,0.0,0,100000.0
2019-02-17,0.0,0.0,0.0,0.0,0,100000.0
2019-02-18,0.0,0.0,0.0,0.0,0,100000.0
2019-02-19,0.0,0.0,0.0,0.0,0,100000.0
2019-02-20,0.0,0.0,0.0,0.0,0,100000.0
2019-02-24,0.0,0.0,0.0,0.0,0,100000.0
2019-02-25,0.0,0.0,0.0,0.0,0,100000.0
2019-02-26,0.0,0.0,0.0,0.0,0,100000.0
2019-02-27,0.0,0.0,0.0,0.0,0,100000.0
2019-03-03,0.0,0.0,0.0,0.0,0,100000.0
2019-03-04,0.0,0.0,0.0,0.0,0,100000.0
2019-03-05,0.0,0.0,0.0,0.0,0,100000.0
2019-03-06,0.0,0.0,0.0,0.0,0,100000.0
2019-03-07,0.0,0.0,0.0,0.0,0,100000.0
2019-03-10,0.0,0.0,0.0,0.0,0,100000.0
2019-03-11,0.0,0.0,0.0,0.0,0,100000.0
2019-03-12,0.0,0.0,0.0,0.0,0,100000.0
2019-03-13,0.0,0.0,0.0,0.0,0,100000.0
2019-03-14,0.0,0.0,0.0,0.0,0,100000.0
2019-03-18,0.0,0.0,0.0,0.0,0,100000.0
2019-03-19,0.0,0.0,0.0,0.0,0,100000.0
2019-03-20,0.0,0.0,0.0,0.0,0,100000.0
2019-03-21,0.0,0.0,0.0,0.0,0,100000.0
2019-03-24,0.0,0.0,0.0,0.0,0,100000.0
2019-03-25,0.0,0.0,0.0,0.0,0,100000.0
2019-03-27,0.0,0.0,0.0,0.0,0,100000.0
2019-03-28,0.0,0.0,0.0,0.0,0,100000.0
2019-03-31,0.0,0.0,0.0,0.0,0,100000.0
2019-04-01,0.0,0.0,0.0,0.0,0,100000.0
2019-04-02,0.0,0.0,0.0,0.0,0,100000.0
2019-04-03,0.0,0.0,0.0,0.0,0,100000.0
2019-04-04,0.0,0.0,0.0,0.0,0,100000.0
2019-04-07,0.0,0.0,0.0,0.0,0,100000.0
2019-04-08,0.0,0.0,0.0,0.0,0,100000.0
2019-04-09,0.0,0.0,0.0,0.0,0,100000.0
2019-04-10,0.0,0.0,0.0,0.0,0,100000.0
2019-04-11,0.0,0.0,0.0,0.0,0,100000.0
2019-04-15,0.0,0.0,0.0,0.0,0,100000.0
2019-04-16,0.0,0.0,0.0,0.0,0,100000.0
2019-04-17,0.0,0.0,0.0,0.0,0,100000.0
2019-04-18,0.0,0.0,0.0,0.0,0,100000.0
2019-04-21,0.0,0.0,0.0,0.0,0,100000.0
2019-04-23,0.0,0.0,0.0,0.0,0,100000.0
2019-04-24,0.0,0.0,0.0,0.0,0,100000.0
2019-04-25,0.0,0.0,0.0,0.0,0,100000.0
2019-04-28,0.0,0.0,0.0,0.0,0,100000.0
2019-04-29,0.0,0.0,0.0,0.0,0,100000.0
2019-04-30,0.0,0.0,0.0,0.0,0,100000.0
2019-05-02,0.0,0.0,0.0,0.0,0,100000.0
2019-05-05,0.0,0.0,0.0,0.0,0,100000.0
2019-05-06,0.0,0.0,0.0,0.0,0,100000.0
2019-05-07,0.0,0.0,0.0,0.0,0,100000.0
2019-05-08,0.0,0.0,0.0,0.0,0,100000.0
2019-05-09,0.0,0.0,0.0,0.0,0,100000.0
2019-05-12,0.0,0.0,0.0,0.0,0,100000.0
2019-05-13,0.0,0.0,0.0,0.0,0,100000.0
2019-05-14,0.0,0.0,0.0,0.0,0,100000.0
2019-05-15,0.0,0.0,0.0,0.0,0,100000.0
2019-05-16,0.0,0.0,0.0,0.0,0,100000.0
2019-05-19,0.0,0.0,0.0,0.0,0,100000.0
2019-05-20,0.0,0.0,0.0,0.0,0,100000.0
2019-05-21,0.0,0.0,0.0,0.0,0,100000.0
2019-05-22,0.0,0.0,0.0,0.0,0,100000.0
2019-05-23,0.0,0.0,0.0,0.0,0,100000.0
2019-05-26,0.0,0.0,0.0,0.0,0,100000.0
2019-05-27,0.0,0.0,0.0,0.0,0,100000.0
2019-05-28,0.0,0.0,0.0,0.0,0,100000.0
2019-05-29,0.0,0.0,0.0,0.0,0,100000.0
2019-05-30,0.0,0.0,0.0,0.0,0,100000.0
2019-06-09,0.0,0.0,0.0,0.0,0,100000.0
2019-06-10,0.0,0.0,0.0,0.0,0,100000.0
2019-06-11,0.0,0.0,0.0,0.0,0,100000.0
2019-06-12,0.0,0.0,0.0,0.0,0,100000.0
2019-06-13,0.0,0.0,0.0,0.0,0,100000.0
2019-06-16,0.0,0.0,0.0,0.0,0,100000.0
2019-06-17,0.0,0.0,0.0,0.0,0,100000.0
2019-06-18,0.0,0.0,0.0,0.0,0,100000.0
2019-06-19,0.0,0.0,0.0,0.0,0,100000.0
2019-06-20,0.0,0.0,0.0,0.0,0,100000.0
2019-06-23,0.0,0.0,0.0,0.0,0,100000.0
2019-06-24,0.0,0.0,0.0,0.0,0,100000.0
2019-06-25,0.0,0.0,0.0,0.0,0,100000.0
2019-06-26,0.0,0.0,0.0,0.0,0,100000.0
2019-06-27,0.0,0.0,0.0,0.0,0,100000.0
2019-06-30,0.0,0.0,0.0,0.0,0,100000.0
2019-07-02,0.0,0.0,0.0,0.0,0,100000.0
2019-07-03,0.0,0.0,0.0,0.0,0,100000.0
2019-07-04,0.0,0.0,0.0,0.0,0,100000.0
2019-07-07,0.0,0.0,0.0,0.0,0,100000.0
2019-07-08,0.0,0.0,0.0,0.0,0,100000.0
2019-07-09,0.0,0.0,0.0,0.0,0,100000.0
2019-07-10,0.0,0.0,0.0,0.0,0,100000.0
2019-07-11,0.0,0.0,0.0,0.0,0,100000.0
2019-07-14,0.0,0.0,0.0,0.0,0,100000.0
2019-07-15,0.0,0.0,0.0,0.0,0,100000.0
2019-07-16,0.0,0.0,0.0,0.0,0,100000.0
2019-07-17,0.0,0.0,0.0,0.0,0,100000.0
2019-07-18,0.0,0.0,0.0,0.0,0,100000.0
2019-07-21,0.0,0.0,0.0,0.0,0,100000.0
2019-07-22,0.0,0.0,0.0,0.0,0,100000.0
2019-07-23,0.0,0.0,0.0,0.0,0,100000.0
2019-07-24,0.0,0.0,0.0,0.0,0,100000.0
2019-07-25,0.0,0.0,0.0,0.0,0,100000.0
2019-07-28,0.0,0.0,0.0,0.0,0,100000.0
2019-07-29,0.0,0.0,0.0,0.0,0,100000.0
2019-07-30,0.0,0.0,0.0,0.0,0,100000.0
2019-07-31,0.0,0.0,0.0,0.0,0,100000.0
2019-08-01,0.0,0.0,0.0,0.0,0,100000.0
2019-08-04,0.0,0.0,0.0,0.0,0,100000.0
2019-08-05,0.0,0.0,0.0,0.0,0,100000.0
2019-08-06,0.0,0.0,0.0,0.0,0,100000.0
2019-08-07,0.0,0.0,0.0,0.0,0,100000.0
2019-08-08,0.0,0.0,0.0,0.0,0,100000.0
2019-08-18,0.0,0.0,0.0,0.0,0,100000.0
2019-08-19,0.0,0.0,0.0,0.0,0,100000.0
2019-08-20,0.0,0.0,0.0,0.0,0,100000.0
2019-08-21,0.0,0.0,0.0,0.0,0,100000.0
2019-08-22,0.0,0.0,0.0,0.0,0,100000.0
2019-08-25,0.0,0.0,0.0,0.0,0,100000.0
2019-08-26,0.0,0.0,0.0,0.0,0,100000.0
2019-08-27,0.0,0.0,0.0,0.0,0,100000.0
2019-08-28,0.0,0.0,0.0,0.0,0,100000.0
2019-08-29,0.0,0.0,0.0,0.0,0,100000.0
2019-09-01,0.0,0.0,0.0,0.0,0,100000.0
2019-09-02,0.0,0.0,0.0,0.0,0,100000.0
2019-09-03,0.0,0.0,0.0,0.0,0,100000.0
2019-09-04,0.0,0.0,0.0,0.0,0,100000.0
2019-09-05,0.0,0.0,0.0,0.0,0,100000.0
2019-09-08,0.0,0.0,0.0,0.0,0,100000.0
2019-09-09,0.0,0.0,0.0,0.0,0,100000.0
2019-09-11,0.0,0.0,0.0,0.0,0,100000.0
2019-09-12,0.0,0.0,0.0,0.0,0,100000.0
2019-09-15,0.0,0.0,0.0,0.0,0,100000.0
2019-09-16,0.0,0.0,0.0,0.0,0,100000.0
2019-09-17,0.0,0.0,0.0,0.0,0,100000.0
2019-09-18,0.0,0.0,0.0,0.0,0,100000.0
2019-09-19,0.0,0.0,0.0,0.0,0,100000.0
2019-09-22,0.0,0.0,0.0,0.0,0,100000.0
2019-09-23,0.0,0.0,0.0,0.0,0,100000.0
2019-09-24,0.0,0.0,0.0,0.0,0,100000.0
2019-09-25,0.0,0.0,0.0,0.0,0,100000.0
2019-09-26,0.0,0.0,0.0,0.0,0,100000.0
2019-09-29,0.0,0.0,0.0,0.0,0,100000.0
2019-09-30,0.0,0.0,0.0,0.0,0,100000.0
2019-10-01,0.0,0.0,0.0,0.0,0,100000.0
2019-10-02,0.0,0.0,0.0,0.0,0,100000.0
2019-10-03,0.0,0.0,0.0,0.0,0,100000.0
2019-10-06,0.0,0.0,0.0,0.0,0,100000.0
2019-10-07,0.0,0.0,0.0,0.0,0,100000.0
2019-10-09,0.0,0.0,0.0,0.0,0,100000.0
2019-10-10,0.0,0.0,0.0,0.0,0,100000.0
2019-10-13,0.0,0.0,0.0,0.0,0,100000.0
2019-10-14,0.0,0.0,0.0,0.0,0,100000.0
2019-10-15,0.0,0.0,0.0,0.0,0,100000.0
2019-10-16,0.0,0.0,0.0,0.0,0,100000.0
2019-10-17,0.0,0.0,0.0,0.0,0,100000.0
2019-10-20,0.0,0.0,0.0,0.0,0,100000.0
2019-10-21,0.0,0.0,0.0,0.0,0,100000.0
2019-10-22,0.0,0.0,0.0,0.0,0,100000.0
2019-10-23,0.0,0.0,0.0,0.0,0,100000.0
2019-10-24,0.0,0.0,0.0,0.0,0,100000.0
2019-10-27,0.0,0.0,0.0,0.0,0,100000.0
2019-10-28,0.0,0.0,0.0,0.0,0,100000.0
2019-10-29,0.0,0.0,0.0,0.0,0,100000.0
2019-10-30,0.0,0.0,0.0,0.0,0,100000.0
2019-10-31,0.0,0.0,0.0,0.0,0,100000.0
2019-11-03,0.0,0.0,0.0,0.0,0,100000.0
2019-11-04,0.0,0.0,0.0,0.0,0,100000.0
2019-11-05,0.0,0.0,0.0,0.0,0,100000.0
2019-11-06,0.0,0.0,0.0,0.0,0,100000.0
2019-11-07,0.0,0.0,0.0,0.0,0,100000.0
2019-11-11,0.0,0.0,0.0,0.0,0,100000.0
2019-11-12,0.0,0.0,0.0,0.0,0,100000.0
2019-11-13,0.0,0.0,0.0,0.0,0,100000.0
2019-11-14,0.0,0.0,0.0,0.0,0,100000.0
2019-11-17,0.0,0.0,0.0,0.0,0,100000.0
2019-11-18,0.0,0.0,0.0,0.0,0,100000.0
2019-11-19,0.0,0.0,0.0,0.0,0,100000.0
2019-11-20,0.0,0.0,0.0,0.0,0,100000.0
2019-11-21,0.0,0.0,0.0,0.0,0,100000.0
2019-11-24,0.0,0.0,0.0,0.0,0,100000.0
2019-11-25,0.0,0.0,0.0,0.0,0,100000.0
2019-11-26,0.0,0.0,0.0,0.0,0,100000.0
2019-11-27,0.0,0.0,0.0,0.0,0,100000.0
2019-11-28,0.0,0.0,0.0,0.0,0,100000.0
2019-12-01,0.0,0.0,0.0,0.0,0,100000.0
2019-12-02,0.0,0.0,0.0,0.0,0,100000.0
2019-12-03,0.0,0.0,0.0,0.0,0,100000.0
2019-12-04,0.0,0.0,0.0,0.0,0,100000.0
2019-12-05,0.0,0.0,0.0,0.0,0,100000.0
2019-12-08,0.0,0.0,0.0,0.0,0,100000.0
2019-12-09,0.0,0.0,0.0,0.0,0,100000.0
2019-12-10,0.0,0.0,0.0,0.0,0,100000.0
2019-12-11,0.0,0.0,0.0,0.0,0,100000.0
2019-12-12,0.0,0.0,0.0,0.0,0,100000.0
2019-12-15,0.0,0.0,0.0,0.0,0,100000.0
2019-12-17,0.0,0.0,0.0,0.0,0,100000.0
2019-12-18,0.0,0.0,0.0,0.0,0,100000.0
2019-12-19,0.0,0.0,0.0,0.0,0,100000.0
2019-12-22,0.0,0.0,0.0,0.0,0,100000.0
2019-12-23,0.0,0.0,0.0,0.0,0,100000.0
2019-12-24,0.0,0.0,0.0,0.0,0,100000.0
2019-12-26,0.0,0.0,0.0,0.0,0,100000.0
2019-12-29,0.0,0.0,0.0,0.0,0,100000.0
2019-12-30,0.0,0.0,0.0,0.0,0,100000.0
2020-01-01,0.0,0.0,0.0,0.0,0,100000.0
2020-01-02,0.0,0.0,0.0,0.0,0,100000.0
2020-01-05,0.0,0.0,0.0,0.0,0,100000.0
2020-01-06,0.0,0.0,0.0,0.0,0,100000.0
2020-01-07,0.0,0.0,0.0,0.0,0,100000.0
2020-01-08,0.0,0.0,0.0,0.0,0,100000.0
2020-01-09,0.0,0.0,0.0,0.0,0,100000.0
2020-01-12,0.0,0.0,0.0,0.0,0,100000.0
2020-01-13,0.0,0.0,0.0,0.0,0,100000.0
2020-01-14,0.0,0.0,0.0,0.0,0,100000.0
2020-01-15,0.0,0.0,0.0,0.0,0,100000.0
2020-01-16,0.0,0.0,0.0,0.0,0,100000.0
2020-01-19,0.0,0.0,0.0,0.0,0,100000.0
2020-01-20,0.0,0.0,0.0,0.0,0,100000.0
2020-01-21,0.0,0.0,0.0,0.0,0,100000.0
2020-01-22,0.0,0.0,0.0,0.0,0,100000.0
2020-01-23,0.0,0.0,0.0,0.0,0,100000.0
2020-01-26,0.0,0.0,0.0,0.0,0,100000.0
2020-01-27,0.0,0.0,0.0,0.0,0,100000.0
2020-01-28,0.0,0.0,0.0,0.0,0,100000.0
2020-01-29,0.0,0.0,0.0,0.0,0,100000.0
2020-01-30,0.0,0.0,0.0,0.0,0,100000.0
2020-02-02,0.0,0.0,0.0,0.0,0,100000.0
2020-02-03,0.0,0.0,0.0,0.0,0,100000.0
2020-02-04,0.0,0.0,0.0,0.0,0,100000.0
2020-02-05,0.0,0.0,0.0,0.0,0,100000.0
2020-02-06,0.0,0.0,0.0,0.0,0,100000.0
2020-02-09,0.0,0.0,0.0,0.0,0,100000.0
2020-02-10,0.0,0.0,0.0,0.0,0,100000.0
2020-02-11,0.0,0.0,0.0,0.0,0,100000.0
2020-02-12,0.0,0.0,0.0,0.0,0,100000.0
2020-02-13,0.0,0.0,0.0,0.0,0,100000.0
2020-02-16,0.0,0.0,0.0,0.0,0,100000.0
2020-02-17,0.0,0.0,0.0,0.0,0,100000.0
2020-02-18,0.0,0.0,0.0,0.0,0,100000.0
2020-02-19,0.0,0.0,0.0,0.0,0,100000.0
2020-02-20,0.0,0.0,0.0,0.0,0,100000.0
2020-02-23,0.0,0.0,0.0,0.0,0,100000.0
2020-02-24,0.0,0.0,0.0,0.0,0,100000.0
2020-02-25,0.0,0.0,0.0,0.0,0,100000.0
2020-02-26,0.0,0.0,0.0,0.0,0,100000.0
2020-02-27,0.0,0.0,0.0,0.0,0,100000.0
2020-03-01,0.0,0.0,0.0,0.0,0,100000.0
2020-03-02,0.0,0.0,0.0,0.0,0,100000.0
2020-03-03,0.0,0.0,0.0,0.0,0,100000.0
2020-03-04,0.0,0.0,0.0,0.0,0,100000.0
2020-03-05,0.0,0.0,0.0,0.0,0,100000.0
2020-03-08,0.0,0.0,0.0,0.0,0,100000.0
2020-03-09,0.0,0.0,0.0,0.0,0,100000.0
2020-03-10,0.0,0.0,0.0,0.0,0,100000.0
2020-03-11,0.0,0.0,0.0,0.0,0,100000.0
2020-03-12,0.0,0.0,0.0,0.0,0,100000.0
2020-03-15,0.0,0.0,0.0,0.0,0,100000.0
2020-03-16,0.0,0.0,0.0,0.0,0,100000.0
2020-03-18,0.0,0.0,0.0,0.0,0,100000.0
2020-03-19,0.0,0.0,0.0,0.0,0,100000.0
2020-03-22,0.0,0.0,0.0,0.0,0,100000.0
2020-03-23,0.0,0.0,0.0,0.0,0,100000.0
2020-03-24,0.0,0.0,0.0,0.0,0,100000.0
2020-03-25,0.0,0.0,0.0,0.0,0,100000.0
2020-05-31,0.0,0.0,0.0,0.0,0,100000.0
2020-06-01,0.0,0.0,0.0,0.0,0,100000.0
2020-06-02,0.0,0.0,0.0,0.0,0,100000.0
2020-06-03,0.0,0.0,0.0,0.0,0,100000.0
2020-06-04,0.0,0.0,0.0,0.0,0,100000.0
2020-06-07,0.0,0.0,0.0,0.0,0,100000.0
2020-06-08,0.0,0.0,0.0,0.0,0,100000.0
2020-06-09,0.0,0.0,0.0,0.0,0,100000.0
2020-06-10,0.0,0.0,0.0,0.0,0,100000.0
2020-06-11,0.0,0.0,0.0,0.0,0,100000.0
2020-06-14,0.0,0.0,0.0,0.0,0,100000.0
2020-06-15,0.0,0.0,0.0,0.0,0,100000.0
2020-06-16,0.0,0.0,0.0,0.0,0,100000.0
2020-06-17,0.0,0.0,0.0,0.0,0,100000.0
2020-06-18,0.0,0.0,0.0,0.0,0,100000.0
2020-06-21,0.0,0.0,0.0,0.0,0,100000.0
2020-06-22,0.0,0.0,0.0,0.0,0,100000.0
2020-06-23,0.0,0.0,0.0,0.0,0,100000.0
2020-06-24,0.0,0.0,0.0,0.0,0,100000.0
2020-06-25,0.0,0.0,0.0,0.0,0,100000.0
2020-06-28,0.0,0.0,0.0,0.0,0,100000.0
2020-06-29,0.0,0.0,0.0,0.0,0,100000.0
2020-06-30,0.0,0.0,0.0,0.0,0,100000.0
2020-07-02,0.0,0.0,0.0,0.0,0,100000.0
2020-07-05,0.0,0.0,0.0,0.0,0,100000.0
2020-07-06,0.0,0.0,0.0,0.0,0,100000.0
2020-07-07,0.0,0.0,0.0,0.0,0,100000.0
2020-07-08,0.0,0.0,0.0,0.0,0,100000.0
2020-07-09,0.0,0.0,0.0,0.0,0,100000.0
2020-07-12,0.0,0.0,0.0,0.0,0,100000.0
2020-07-13,0.0,0.0,0.0,0.0,0,100000.0
2020-07-14,0.0,0.0,0.0,0.0,0,100000.0
2020-07-15,0.0,0.0,0.0,0.0,0,100000.0
2020-07-16,0.0,0.0,0.0,0.0,0,100000.0
2020-07-19,0.0,0.0,0.0,0.0,0,100000.0
2020-07-20,0.0,0.0,0.0,0.0,0,100000.0
2020-07-21,0.0,0.0,0.0,0.0,0,100000.0
2020-07-22,0.0,0.0,0.0,0.0,0,100000.0
2020-07-23,0.0,0.0,0.0,0.0,0,100000.0
2020-07-26,0.0,0.0,0.0,0.0,0,100000.0
2020-07-27,0.0,0.0,0.0,0.0,0,100000.0
2020-07-28,0.0,0.0,0.0,0.0,0,100000.0
2020-07-29,0.0,0.0,0.0,0.0,0,100000.0
2020-07-30,0.0,0.0,0.0,0.0,0,100000.0
2020-08-03,0.0,0.0,0.0,0.0,0,100000.0
2020-08-04,0.0,0.0,0.0,0.0,0,100000.0
2020-08-05,0.0,0.0,0.0,0.0,0,100000.0
2020-08-06,0.0,0.0,0.0,0.0,0,100000.0
2020-08-09,0.0,0.0,0.0,0.0,0,100000.0
2020-08-10,0.0,0.0,0.0,0.0,0,100000.0
2020-08-12,0.0,0.0,0.0,0.0,0,100000.0
2020-08-13,0.0,0.0,0.0,0.0,0,100000.0
2020-08-16,0.0,0.0,0.0,0.0,0,100000.0
2020-08-17,0.0,0.0,0.0,0.0,0,100000.0
2020-08-18,0.0,0.0,0.0,0.0,0,100000.0
2020-08-19,0.0,0.0,0.0,0.0,0,100000.0
2020-08-20,0.0,0.0,0.0,0.0,0,100000.0
2020-08-23,0.0,0.0,0.0,0.0,0,100000.0
2020-08-24,0.0,0.0,0.0,0.0,0,100000.0
2020-08-25,0.0,0.0,0.0,0.0,0,100000.0
2020-08-26,0.0,0.0,0.0,0.0,0,100000.0
2020-08-27,0.0,0.0,0.0,0.0,0,100000.0
2020-08-31,0.0,0.0,0.0,0.0,0,100000.0
2020-09-01,0.0,0.0,0.0,0.0,0,100000.0
2020-09-02,0.0,0.0,0.0,0.0,0,100000.0
2020-09-03,0.0,0.0,0.0,0.0,0,100000.0
2020-09-06,0.0,0.0,0.0,0.0,0,100000.0
2020-09-07,0.0,0.0,0.0,0.0,0,100000.0
2020-09-08,0.0,0.0,0.0,0.0,0,100000.0
2020-09-09,0.0,0.0,0.0,0.0,0,100000.0
2020-09-10,0.0,0.0,0.0,0.0,0,100000.0
2020-09-13,0.0,0.0,0.0,0.0,0,100000.0
2020-09-14,0.0,0.0,0.0,0.0,0,100000.0
2020-09-15,0.0,0.0,0.0,0.0,0,100000.0
2020-09-16,0.0,0.0,0.0,0.0,0,100000.0
2020-09-17,0.0,0.0,0.0,0.0,0,100000.0
2020-09-20,0.0,0.0,0.0,0.0,0,100000.0
2020-09-21,0.0,0.0,0.0,0.0,0,100000.0
2020-09-22,0.0,0.0,0.0,0.0,0,100000.0
2020-09-23,0.0,0.0,0.0,0.0,0,100000.0
2020-09-24,0.0,0.0,0.0,0.0,0,100000.0
2020-09-27,0.0,0.0,0.0,0.0,0,100000.0
2020-09-28,0.0,0.0,0.0,0.0,0,100000.0
2020-09-29,0.0,0.0,0.0,0.0,0,100000.0
2020-09-30,0.0,0.0,0.0,0.0,0,100000.0
2020-10-01,0.0,0.0,0.0,0.0,0,100000.0
2020-10-04,0.0,0.0,0.0,0.0,0,100000.0
2020-10-05,0.0,0.0,0.0,0.0,0,100000.0
2020-10-06,0.0,0.0,0.0,0.0,0,100000.0
2020-10-07,0.0,0.0,0.0,0.0,0,100000.0
2020-10-08,0.0,0.0,0.0,0.0,0,100000.0
2020-10-11,0.0,0.0,0.0,0.0,0,100000.0
2020-10-12,0.0,0.0,0.0,0.0,0,100000.0
2020-10-13,0.0,0.0,0.0,0.0,0,100000.0
2020-10-14,0.0,0.0,0.0,0.0,0,100000.0
2020-10-15,0.0,0.0,0.0,0.0,0,100000.0
2020-10-18,0.0,0.0,0.0,0.0,0,100000.0
2020-10-19,0.0,0.0,0.0,0.0,0,100000.0
2020-10-20,0.0,0.0,0.0,0.0,0,100000.0
2020-10-21,0.0,0.0,0.0,0.0,0,100000.0
2020-10-22,0.0,0.0,0.0,0.0,0,100000.0
2020-10-25,0.0,0.0,0.0,0.0,0,100000.0
2020-10-27,0.0,0.0,0.0,0.0,0,100000.0
2020-10-28,0.0,0.0,0.0,0.0,0,100000.0
2020-10-29,0.0,0.0,0.0,0.0,0,100000.0
2020-11-01,0.0,0.0,0.0,0.0,0,100000.0
2020-11-02,0.0,0.0,0.0,0.0,0,100000.0
2020-11-03,0.0,0.0,0.0,0.0,0,100000.0
2020-11-04,0.0,0.0,0.0,0.0,0,100000.0
2020-11-05,0.0,0.0,0.0,0.0,0,100000.0
2020-11-08,0.0,0.0,0.0,0.0,0,100000.0
2020-11-09,0.0,0.0,0.0,0.0,0,100000.0
2020-11-10,0.0,0.0,0.0,0.0,0,100000.0
2020-11-11,0.0,0.0,0.0,0.0,0,100000.0
2020-11-12,0.0,0.0,0.0,0.0,0,100000.0
2020-11-15,0.0,0.0,0.0,0.0,0,100000.0
2020-11-16,0.0,0.0,0.0,0.0,0,100000.0
2020-11-17,0.0,0.0,0.0,0.0,0,100000.0
2020-11-18,0.0,0.0,0.0,0.0,0,100000.0
2020-11-19,0.0,0.0,0.0,0.0,0,100000.0
